{"producer":{"name":"Blender","version":"2.78 (sub 0)","exporter_version":"5.2.0","file":"megabot.babylon"},
"autoClear":true,"clearColor":[0.0509,0.0509,0.0509],"ambientColor":[0,0,0],"gravity":[0,-9.81,0],
"materials":[{"name":"megabot.Muddy__Muddy_D_tga","id":"megabot.Muddy__Muddy_D_tga","ambient":[0.8,0.8,0.8],"diffuse":[0.64,0.64,0.64],"specular":[0.5,0.5,0.5],"emissive":[0,0,0],"specularPower":0,"alpha":1,"backFaceCulling":true,"checkReadyOnlyOnce":false,"maxSimultaneousLights":4, 
"diffuseTexture":{"name":"Muddy_D.tga","level":1,"hasAlpha":1,"coordinatesMode":0,"uOffset":0,"vOffset":0,"uScale":1,"vScale":1,"uAng":0,"vAng":0,"wAng":0,"wrapU":1,"wrapV":1,"coordinatesIndex":0}}],
"multiMaterials":[],
"skeletons":[{"name":"Armature.001","id":0,"dimensionsAtRest":[2.3819,3.7331,1.2557],"bones":[
{"name":"Bone","index":0,"matrix":[1,0,0,0,0,1,0,0,0,0,-1,0,0,1.8729,0,1],"rest":[1,0,0,0,0,1,0,0,0,0,-1,0,0,1.8729,0,1],"parentBoneIndex":-1,"length":0.5
,"animation":{"dataType":3,"framePerSecond":24,"keys":[
{"frame":1,"values":[1,0,0,0,0,1,0,0,0,0,-1,0,0,1.8729,0,1]},
{"frame":95,"values":[1,0,0,0,0,1,-0.0069,0,0,-0.0069,-1,0,0,1.8729,0,1]},
{"frame":96,"values":[1,0,0,0,0,0.9996,-0.0278,0,0,-0.0278,-0.9996,0,0,1.8729,0,1]},
{"frame":97,"values":[1,0,0,0,0,0.9981,-0.0621,0,0,-0.0621,-0.9981,0,0,1.8729,0,1]},
{"frame":98,"values":[1,0,0,0,0,0.9942,-0.1077,0,0,-0.1077,-0.9942,0,0,1.8729,0,1]},
{"frame":99,"values":[1,0,0,0,0,0.987,-0.161,0,0,-0.161,-0.987,0,0,1.8729,0,1]},
{"frame":100,"values":[1,0,0,0,0,0.9763,-0.2165,0,0,-0.2165,-0.9763,0,0,1.8729,0,1]},
{"frame":101,"values":[1,0,0,0,0,0.9632,-0.2687,0,0,-0.2687,-0.9632,0,0,1.8729,0,1]},
{"frame":102,"values":[1,0,0,0,0,0.9499,-0.3125,0,0,-0.3125,-0.9499,0,0,1.8729,0,1]},
{"frame":103,"values":[1,0,0,0,0,0.9386,-0.3449,0,0,-0.3449,-0.9386,0,0,1.8729,0,1]},
{"frame":104,"values":[1,0,0,0,0,0.9312,-0.3644,0,0,-0.3644,-0.9312,0,0,1.8729,0,1]},
{"frame":105,"values":[1,0,0,0,0,0.9287,-0.3709,0,0,-0.3709,-0.9287,0,0,1.8729,0,1]},
{"frame":106,"values":[1,0,0,0,0,0.9318,-0.3631,0,0,-0.3631,-0.9318,0,0,1.8729,0,1]},
{"frame":107,"values":[1,0,0,0,0,0.9406,-0.3394,0,0,-0.3394,-0.9406,0,0,1.8729,0,1]},
{"frame":108,"values":[1,0,0,0,0,0.9538,-0.3005,0,0,-0.3005,-0.9538,0,0,1.8729,0,1]},
{"frame":109,"values":[1,0,0,0,0,0.9686,-0.2486,0,0,-0.2486,-0.9686,0,0,1.8729,0,1]},
{"frame":110,"values":[1,0,0,0,0,0.982,-0.1888,0,0,-0.1888,-0.982,0,0,1.8729,0,1]},
{"frame":111,"values":[1,0,0,0,0,0.9917,-0.1284,0,0,-0.1284,-0.9917,0,0,1.8729,0,1]},
{"frame":112,"values":[1,0,0,0,0,0.9972,-0.0747,0,0,-0.0747,-0.9972,0,0,1.8729,0,1]},
{"frame":113,"values":[1,0,0,0,0,0.9994,-0.0336,0,0,-0.0336,-0.9994,0,0,1.8729,0,1]},
{"frame":114,"values":[1,0,0,0,0,1,-0.0084,0,0,-0.0084,-1,0,0,1.8729,0,1]},
{"frame":115,"values":[1,0,0,0,0,1,0,0,0,0,-1,0,0,1.8729,0,1]}],"loopBehavior":1,"name":"anim","property":"_matrix"}},
{"name":"Bone.013","index":1,"matrix":[0.9437,0,0.3309,0,0,1,0,0,-0.3309,0,0.9437,0,0,0.5,0,1],"rest":[1,0,0,0,0,1,0,0,0,0,1,0,0,0.5,0,1],"parentBoneIndex":0,"length":0.5
,"animation":{"dataType":3,"framePerSecond":24,"keys":[
{"frame":1,"values":[0.9437,0,0.3309,0,0,1,0,0,-0.3309,0,0.9437,0,0,0.5,0,1]},
{"frame":2,"values":[0.9441,0,0.3296,0,0,1,0,0,-0.3296,0,0.9441,0,0,0.5,0,1]},
{"frame":3,"values":[0.9454,0,0.3259,0,0,1,0,0,-0.3259,0,0.9454,0,0,0.5,0,1]},
{"frame":4,"values":[0.9476,0,0.3195,0,0,1,0,0,-0.3195,0,0.9476,0,0,0.5,0,1]},
{"frame":5,"values":[0.9506,0,0.3103,0,0,1,0,0,-0.3103,0,0.9506,0,0,0.5,0,1]},
{"frame":6,"values":[0.9544,0,0.2984,0,0,1,0,0,-0.2984,0,0.9544,0,0,0.5,0,1]},
{"frame":7,"values":[0.9589,0,0.2838,0,0,1,0,0,-0.2838,0,0.9589,0,0,0.5,0,1]},
{"frame":8,"values":[0.9639,0,0.2664,0,0,1,0,0,-0.2664,0,0.9639,0,0,0.5,0,1]},
{"frame":9,"values":[0.9692,0,0.2464,0,0,1,0,0,-0.2464,0,0.9692,0,0,0.5,0,1]},
{"frame":10,"values":[0.9746,0,0.2242,0,0,1,0,0,-0.2242,0,0.9746,0,0,0.5,0,1]},
{"frame":11,"values":[0.9798,0,0.1999,0,0,1,0,0,-0.1999,0,0.9798,0,0,0.5,0,1]},
{"frame":12,"values":[0.9848,0,0.174,0,0,1,0,0,-0.174,0,0.9848,0,0,0.5,0,1]},
{"frame":13,"values":[0.9891,0,0.147,0,0,1,0,0,-0.147,0,0.9891,0,0,0.5,0,1]},
{"frame":14,"values":[0.9929,0,0.1193,0,0,1,0,0,-0.1193,0,0.9929,0,0,0.5,0,1]},
{"frame":15,"values":[0.9958,0,0.0915,0,0,1,0,0,-0.0915,0,0.9958,0,0,0.5,0,1]},
{"frame":16,"values":[0.9979,0,0.0641,0,0,1,0,0,-0.0641,0,0.9979,0,0,0.5,0,1]},
{"frame":17,"values":[0.9993,0,0.0374,0,0,1,0,0,-0.0374,0,0.9993,0,0,0.5,0,1]},
{"frame":18,"values":[0.9999,0,0.0119,0,0,1,0,0,-0.0119,0,0.9999,0,0,0.5,0,1]},
{"frame":19,"values":[0.9999,0,-0.0122,0,0,1,0,0,0.0122,0,0.9999,0,0,0.5,0,1]},
{"frame":20,"values":[0.9994,0,-0.0348,0,0,1,0,0,0.0348,0,0.9994,0,0,0.5,0,1]},
{"frame":21,"values":[0.9985,0,-0.0556,0,0,1,0,0,0.0556,0,0.9985,0,0,0.5,0,1]},
{"frame":22,"values":[0.9972,0,-0.0747,0,0,1,0,0,0.0747,0,0.9972,0,0,0.5,0,1]},
{"frame":23,"values":[0.9956,0,-0.0935,0,0,1,0,0,0.0935,0,0.9956,0,0,0.5,0,1]},
{"frame":24,"values":[0.9935,0,-0.1137,0,0,1,0,0,0.1137,0,0.9935,0,0,0.5,0,1]},
{"frame":25,"values":[0.9908,0,-0.135,0,0,1,0,0,0.135,0,0.9908,0,0,0.5,0,1]},
{"frame":26,"values":[0.9876,0,-0.1573,0,0,1,0,0,0.1573,0,0.9876,0,0,0.5,0,1]},
{"frame":27,"values":[0.9837,0,-0.1801,0,0,1,0,0,0.1801,0,0.9837,0,0,0.5,0,1]},
{"frame":28,"values":[0.9792,0,-0.2029,0,0,1,0,0,0.2029,0,0.9792,0,0,0.5,0,1]},
{"frame":29,"values":[0.9743,0,-0.2252,0,0,1,0,0,0.2252,0,0.9743,0,0,0.5,0,1]},
{"frame":30,"values":[0.9692,0,-0.2464,0,0,1,0,0,0.2464,0,0.9692,0,0,0.5,0,1]},
{"frame":31,"values":[0.964,0,-0.2659,0,0,1,0,0,0.2659,0,0.964,0,0,0.5,0,1]},
{"frame":32,"values":[0.9591,0,-0.2832,0,0,1,0,0,0.2832,0,0.9591,0,0,0.5,0,1]},
{"frame":33,"values":[0.9546,0,-0.298,0,0,1,0,0,0.298,0,0.9546,0,0,0.5,0,1]},
{"frame":34,"values":[0.9507,0,-0.3101,0,0,1,0,0,0.3101,0,0.9507,0,0,0.5,0,1]},
{"frame":35,"values":[0.9476,0,-0.3194,0,0,1,0,0,0.3194,0,0.9476,0,0,0.5,0,1]},
{"frame":36,"values":[0.9454,0,-0.3259,0,0,1,0,0,0.3259,0,0.9454,0,0,0.5,0,1]},
{"frame":37,"values":[0.9441,0,-0.3296,0,0,1,0,0,0.3296,0,0.9441,0,0,0.5,0,1]},
{"frame":38,"values":[0.9437,0,-0.3309,0,0,1,0,0,0.3309,0,0.9437,0,0,0.5,0,1]},
{"frame":81,"values":[0.9527,0,-0.304,0,0,1,0,0,0.304,0,0.9527,0,0,0.5,0,1]},
{"frame":82,"values":[0.9745,0,-0.2242,0,0,1,0,0,0.2242,0,0.9745,0,0,0.5,0,1]},
{"frame":83,"values":[0.9943,0,-0.1063,0,0,1,0,0,0.1063,0,0.9943,0,0,0.5,0,1]},
{"frame":84,"values":[0.9999,0,0.0131,0,0,1,0,0,-0.0131,0,0.9999,0,0,0.5,0,1]},
{"frame":85,"values":[0.9954,0,0.0957,0,0,1,0,0,-0.0957,0,0.9954,0,0,0.5,0,1]},
{"frame":86,"values":[0.9923,0,0.1238,0,0,1,0,0,-0.1238,0,0.9923,0,0,0.5,0,1]},
{"frame":87,"values":[0.9941,0,0.108,0,0,1,0,0,-0.108,0,0.9941,0,0,0.5,0,1]},
{"frame":88,"values":[0.9982,0,0.0606,0,0,1,0,0,-0.0606,0,0.9982,0,0,0.5,0,1]},
{"frame":89,"values":[0.9999,0,-0.0145,0,0,1,0,0,0.0145,0,0.9999,0,0,0.5,0,1]},
{"frame":90,"values":[0.9943,0,-0.1062,0,0,1,0,0,0.1062,0,0.9943,0,0,0.5,0,1]},
{"frame":91,"values":[0.9804,0,-0.1969,0,0,1,0,0,0.1969,0,0.9804,0,0,0.5,0,1]},
{"frame":92,"values":[0.9629,0,-0.2699,0,0,1,0,0,0.2699,0,0.9629,0,0,0.5,0,1]},
{"frame":93,"values":[0.9489,0,-0.3155,0,0,1,0,0,0.3155,0,0.9489,0,0,0.5,0,1]},
{"frame":94,"values":[0.9437,0,-0.3309,0,0,1,0,0,0.3309,0,0.9437,0,0,0.5,0,1]},
{"frame":95,"values":[0.9435,0.0019,-0.3313,0,0,1,0.0058,0,0.3313,-0.0054,0.9435,0,0,0.5,0,1]},
{"frame":96,"values":[0.9434,0.0077,-0.3317,0,0,0.9997,0.0232,0,0.3318,-0.0219,0.9431,0,0,0.5,0,1]},
{"frame":97,"values":[0.9432,0.0172,-0.3318,0,0,0.9987,0.0518,0,0.3322,-0.0489,0.9419,0,0,0.5,0,1]},
{"frame":98,"values":[0.9431,0.0299,-0.3313,0,0.0001,0.9959,0.09,0,0.3326,-0.0849,0.9392,0,0,0.5,0,1]},
{"frame":99,"values":[0.943,0.0446,-0.3299,0,0.0001,0.9909,0.1345,0,0.3329,-0.1269,0.9344,0,0,0.5,0,1]},
{"frame":100,"values":[0.9429,0.0601,-0.3276,0,0.0002,0.9835,0.181,0,0.333,-0.1707,0.9273,0,0,0.5,0,1]},
{"frame":101,"values":[0.9429,0.0746,-0.3245,0,0.0003,0.9744,0.2247,0,0.333,-0.212,0.9188,0,0,0.5,0,1]},
{"frame":102,"values":[0.943,0.0868,-0.3212,0,0.0003,0.9652,0.2616,0,0.3328,-0.2468,0.9101,0,0,0.5,0,1]},
{"frame":103,"values":[0.9432,0.0958,-0.3182,0,0.0002,0.9573,0.289,0,0.3323,-0.2726,0.9029,0,0,0.5,0,1]},
{"frame":104,"values":[0.9434,0.1012,-0.3158,0,0.0001,0.9522,0.3055,0,0.3317,-0.2883,0.8983,0,0,0.5,0,1]},
{"frame":105,"values":[0.9437,0.1029,-0.3144,0,0,0.9504,0.311,0,0.3309,-0.2935,0.8969,0,0,0.5,0,1]},
{"frame":106,"values":[0.9486,0.0986,-0.3006,0,-0.0024,0.9524,0.3047,0,0.3163,-0.2884,0.9038,0,0,0.5,0,1]},
{"frame":107,"values":[0.9618,0.0862,-0.26,0,-0.0087,0.9584,0.2854,0,0.2737,-0.2722,0.9225,0,0,0.5,0,1]},
{"frame":108,"values":[0.979,0.0676,-0.1922,0,-0.0171,0.9673,0.2529,0,0.203,-0.2443,0.9482,0,0,0.5,0,1]},
{"frame":109,"values":[0.9938,0.0462,-0.1007,0,-0.0243,0.9777,0.2088,0,0.1081,-0.205,0.9728,0,0,0.5,0,1]},
{"frame":110,"values":[0.9996,0.0265,0.0057,0,-0.0271,0.9872,0.1574,0,-0.0014,-0.1575,0.9875,0,0,0.5,0,1]},
{"frame":111,"values":[0.9936,0.0122,0.1127,0,-0.0241,0.9941,0.1056,0,-0.1108,-0.1077,0.988,0,0,0.5,0,1]},
{"frame":112,"values":[0.9785,0.0041,0.206,0,-0.0169,0.998,0.0605,0,-0.2053,-0.0627,0.9767,0,0,0.5,0,1]},
{"frame":113,"values":[0.9613,0.0008,0.2755,0,-0.0085,0.9996,0.0268,0,-0.2754,-0.0281,0.9609,0,0,0.5,0,1]},
{"frame":114,"values":[0.9484,0.0001,0.3172,0,-0.0023,1,0.0066,0,-0.3172,-0.007,0.9483,0,0,0.5,0,1]},
{"frame":115,"values":[0.9437,0,0.3309,0,0,1,0,0,-0.3309,0,0.9437,0,0,0.5,0,1]}],"loopBehavior":1,"name":"anim","property":"_matrix"}},
{"name":"Bone.001","index":2,"matrix":[0.0926,0,-0.9957,0,-0.9443,0.3172,-0.0878,0,0.3159,0.9484,0.0294,0,0,0.5,0,1],"rest":[0.0926,0,-0.9957,0,-0.9443,0.3172,-0.0878,0,0.3159,0.9484,0.0294,0,0,0.5,0,1],"parentBoneIndex":1,"length":0.6088
,"animation":{"dataType":3,"framePerSecond":24,"keys":[
{"frame":1,"values":[0.0926,0,-0.9957,0,-0.9443,0.3172,-0.0878,0,0.3159,0.9484,0.0294,0,0,0.5,0,1]},
{"frame":115,"values":[0.0926,0,-0.9957,0,-0.9443,0.3172,-0.0878,0,0.3159,0.9484,0.0294,0,0,0.5,0,1]}],"loopBehavior":1,"name":"anim","property":"_matrix"}},
{"name":"Bone.002","index":3,"matrix":[0.6013,0.7791,-0.1773,0,-0.3761,0.0802,-0.9231,0,-0.7049,0.6218,0.3412,0,0,0.6088,0,1],"rest":[0.5576,0.7872,-0.2633,0,-0.4097,-0.0149,-0.9121,0,-0.722,0.6165,0.3142,0,0,0.6088,0,1],"parentBoneIndex":2,"length":0.7268
,"animation":{"dataType":3,"framePerSecond":24,"keys":[
{"frame":1,"values":[0.6013,0.7791,-0.1773,0,-0.3761,0.0802,-0.9231,0,-0.7049,0.6218,0.3412,0,0,0.6088,0,1]},
{"frame":2,"values":[0.6012,0.7791,-0.1777,0,-0.3763,0.0799,-0.923,0,-0.705,0.6218,0.3412,0,0,0.6088,0,1]},
{"frame":3,"values":[0.6007,0.7793,-0.1787,0,-0.377,0.079,-0.9228,0,-0.705,0.6217,0.3413,0,0,0.6088,0,1]},
{"frame":4,"values":[0.5998,0.7795,-0.1805,0,-0.3782,0.0775,-0.9225,0,-0.7051,0.6216,0.3413,0,0,0.6088,0,1]},
{"frame":5,"values":[0.5987,0.7798,-0.183,0,-0.3799,0.0753,-0.922,0,-0.7052,0.6215,0.3413,0,0,0.6088,0,1]},
{"frame":6,"values":[0.5971,0.7802,-0.1863,0,-0.3821,0.0724,-0.9213,0,-0.7053,0.6213,0.3414,0,0,0.6088,0,1]},
{"frame":7,"values":[0.5952,0.7807,-0.1903,0,-0.3847,0.069,-0.9205,0,-0.7055,0.621,0.3414,0,0,0.6088,0,1]},
{"frame":8,"values":[0.5929,0.7813,-0.1949,0,-0.3878,0.0649,-0.9194,0,-0.7057,0.6208,0.3415,0,0,0.6088,0,1]},
{"frame":9,"values":[0.5903,0.7819,-0.2003,0,-0.3913,0.0602,-0.9183,0,-0.706,0.6204,0.3416,0,0,0.6088,0,1]},
{"frame":10,"values":[0.5874,0.7826,-0.2062,0,-0.3952,0.0551,-0.9169,0,-0.7062,0.6201,0.3417,0,0,0.6088,0,1]},
{"frame":11,"values":[0.5842,0.7833,-0.2125,0,-0.3994,0.0495,-0.9154,0,-0.7065,0.6197,0.3418,0,0,0.6088,0,1]},
{"frame":12,"values":[0.5808,0.7839,-0.2193,0,-0.4038,0.0436,-0.9138,0,-0.7068,0.6193,0.3419,0,0,0.6088,0,1]},
{"frame":13,"values":[0.5773,0.7846,-0.2262,0,-0.4083,0.0374,-0.9121,0,-0.7071,0.6189,0.342,0,0,0.6088,0,1]},
{"frame":14,"values":[0.5736,0.7852,-0.2333,0,-0.4129,0.0312,-0.9102,0,-0.7074,0.6185,0.3421,0,0,0.6088,0,1]},
{"frame":15,"values":[0.5699,0.7857,-0.2403,0,-0.4175,0.025,-0.9084,0,-0.7077,0.618,0.3422,0,0,0.6088,0,1]},
{"frame":16,"values":[0.5663,0.7862,-0.2473,0,-0.4219,0.0188,-0.9064,0,-0.708,0.6176,0.3424,0,0,0.6088,0,1]},
{"frame":17,"values":[0.5627,0.7867,-0.254,0,-0.4262,0.0128,-0.9045,0,-0.7083,0.6172,0.3425,0,0,0.6088,0,1]},
{"frame":18,"values":[0.5592,0.7871,-0.2603,0,-0.4303,0.0071,-0.9027,0,-0.7086,0.6168,0.3426,0,0,0.6088,0,1]},
{"frame":19,"values":[0.556,0.7874,-0.2664,0,-0.4341,0.0017,-0.9009,0,-0.7089,0.6165,0.3427,0,0,0.6088,0,1]},
{"frame":20,"values":[0.5528,0.7876,-0.272,0,-0.4376,-0.0033,-0.8991,0,-0.7091,0.6161,0.3429,0,0,0.6088,0,1]},
{"frame":21,"values":[0.55,0.7879,-0.2772,0,-0.4409,-0.008,-0.8975,0,-0.7093,0.6158,0.343,0,0,0.6088,0,1]},
{"frame":22,"values":[0.5473,0.788,-0.2819,0,-0.4439,-0.0123,-0.896,0,-0.7095,0.6155,0.3431,0,0,0.6088,0,1]},
{"frame":23,"values":[0.5449,0.7882,-0.286,0,-0.4465,-0.016,-0.8947,0,-0.7097,0.6152,0.3432,0,0,0.6088,0,1]},
{"frame":24,"values":[0.5429,0.7884,-0.2894,0,-0.4486,-0.0191,-0.8935,0,-0.71,0.6149,0.3433,0,0,0.6088,0,1]},
{"frame":25,"values":[0.5411,0.7886,-0.292,0,-0.4503,-0.0216,-0.8926,0,-0.7102,0.6145,0.3434,0,0,0.6088,0,1]},
{"frame":26,"values":[0.5397,0.7888,-0.2941,0,-0.4516,-0.0235,-0.8919,0,-0.7105,0.6141,0.3436,0,0,0.6088,0,1]},
{"frame":27,"values":[0.5384,0.7891,-0.2956,0,-0.4527,-0.0251,-0.8913,0,-0.7108,0.6137,0.3437,0,0,0.6088,0,1]},
{"frame":28,"values":[0.5373,0.7894,-0.297,0,-0.4536,-0.0264,-0.8908,0,-0.7111,0.6133,0.3439,0,0,0.6088,0,1]},
{"frame":29,"values":[0.5361,0.7897,-0.2983,0,-0.4545,-0.0277,-0.8903,0,-0.7113,0.6129,0.344,0,0,0.6088,0,1]},
{"frame":30,"values":[0.5349,0.7899,-0.2999,0,-0.4555,-0.0293,-0.8897,0,-0.7116,0.6125,0.3442,0,0,0.6088,0,1]},
{"frame":31,"values":[0.5334,0.7901,-0.302,0,-0.4569,-0.0313,-0.889,0,-0.7118,0.6122,0.3443,0,0,0.6088,0,1]},
{"frame":32,"values":[0.5315,0.7902,-0.3049,0,-0.4587,-0.0341,-0.8879,0,-0.7121,0.6119,0.3444,0,0,0.6088,0,1]},
{"frame":33,"values":[0.5292,0.7903,-0.3089,0,-0.4612,-0.0377,-0.8865,0,-0.7122,0.6116,0.3445,0,0,0.6088,0,1]},
{"frame":34,"values":[0.5264,0.7902,-0.314,0,-0.4643,-0.0423,-0.8847,0,-0.7123,0.6114,0.3446,0,0,0.6088,0,1]},
{"frame":35,"values":[0.5229,0.7899,-0.3204,0,-0.4681,-0.048,-0.8824,0,-0.7124,0.6113,0.3446,0,0,0.6088,0,1]},
{"frame":36,"values":[0.5188,0.7895,-0.328,0,-0.4726,-0.0548,-0.8796,0,-0.7124,0.6113,0.3447,0,0,0.6088,0,1]},
{"frame":37,"values":[0.5141,0.7889,-0.3368,0,-0.4778,-0.0627,-0.8762,0,-0.7123,0.6114,0.3447,0,0,0.6088,0,1]},
{"frame":38,"values":[0.5087,0.788,-0.3468,0,-0.4837,-0.0717,-0.8723,0,-0.7122,0.6115,0.3447,0,0,0.6088,0,1]},
{"frame":39,"values":[0.5026,0.7863,-0.3593,0,-0.498,-0.0765,-0.8638,0,-0.7067,0.6131,0.3531,0,0,0.6088,0,1]},
{"frame":40,"values":[0.4953,0.7833,-0.3757,0,-0.5284,-0.0716,-0.846,0,-0.6895,0.6175,0.3784,0,0,0.6088,0,1]},
{"frame":41,"values":[0.4862,0.7792,-0.3956,0,-0.5741,-0.0565,-0.8168,0,-0.6588,0.6243,0.4198,0,0,0.6088,0,1]},
{"frame":42,"values":[0.4743,0.7744,-0.4187,0,-0.6325,-0.031,-0.7739,0,-0.6123,0.6319,0.4751,0,0,0.6088,0,1]},
{"frame":43,"values":[0.4589,0.7696,-0.444,0,-0.6993,0.0046,-0.7148,0,-0.548,0.6385,0.5403,0,0,0.6088,0,1]},
{"frame":44,"values":[0.4395,0.7654,-0.4701,0,-0.7681,0.0489,-0.6385,0,-0.4657,0.6417,0.6094,0,0,0.6088,0,1]},
{"frame":45,"values":[0.4164,0.7626,-0.495,0,-0.8315,0.0992,-0.5466,0,-0.3677,0.6392,0.6754,0,0,0.6088,0,1]},
{"frame":46,"values":[0.3908,0.7615,-0.5171,0,-0.883,0.1515,-0.4442,0,-0.2599,0.6302,0.7316,0,0,0.6088,0,1]},
{"frame":47,"values":[0.3644,0.7623,-0.5349,0,-0.919,0.2015,-0.3389,0,-0.1506,0.6151,0.7739,0,0,0.6088,0,1]},
{"frame":48,"values":[0.3395,0.7644,-0.5482,0,-0.9394,0.2456,-0.2392,0,-0.0482,0.5962,0.8014,0,0,0.6088,0,1]},
{"frame":49,"values":[0.3177,0.7672,-0.5572,0,-0.9473,0.2818,-0.1522,0,0.0402,0.5762,0.8163,0,0,0.6088,0,1]},
{"frame":50,"values":[0.3003,0.7702,-0.5627,0,-0.9474,0.3091,-0.0825,0,0.1104,0.5579,0.8225,0,0,0.6088,0,1]},
{"frame":51,"values":[0.2879,0.7726,-0.5659,0,-0.9441,0.3279,-0.0326,0,0.1604,0.5436,0.8238,0,0,0.6088,0,1]},
{"frame":52,"values":[0.2805,0.7742,-0.5674,0,-0.9409,0.3388,-0.0029,0,0.19,0.5347,0.8234,0,0,0.6088,0,1]},
{"frame":53,"values":[0.2781,0.7747,-0.5679,0,-0.9396,0.3423,0.0069,0,0.1997,0.5316,0.8231,0,0,0.6088,0,1]},
{"frame":54,"values":[0.281,0.7738,-0.5676,0,-0.942,0.3356,-0.0088,0,0.1837,0.5372,0.8232,0,0,0.6088,0,1]},
{"frame":55,"values":[0.2901,0.7713,-0.5665,0,-0.9474,0.3149,-0.0565,0,0.1348,0.5531,0.8221,0,0,0.6088,0,1]},
{"frame":56,"values":[0.3059,0.7675,-0.5633,0,-0.9505,0.2799,-0.1348,0,0.0542,0.5767,0.8152,0,0,0.6088,0,1]},
{"frame":57,"values":[0.3278,0.7637,-0.5562,0,-0.9433,0.2318,-0.2376,0,-0.0525,0.6025,0.7964,0,0,0.6088,0,1]},
{"frame":58,"values":[0.3539,0.7609,-0.5438,0,-0.9192,0.1758,-0.3523,0,-0.1725,0.6246,0.7617,0,0,0.6088,0,1]},
{"frame":59,"values":[0.3816,0.7602,-0.5259,0,-0.8781,0.1204,-0.4631,0,-0.2887,0.6385,0.7134,0,0,0.6088,0,1]},
{"frame":60,"values":[0.4079,0.7616,-0.5037,0,-0.8274,0.075,-0.5566,0,-0.3861,0.6437,0.6607,0,0,0.6088,0,1]},
{"frame":61,"values":[0.4313,0.7643,-0.4793,0,-0.7783,0.0466,-0.6261,0,-0.4563,0.6431,0.615,0,0,0.6088,0,1]},
{"frame":62,"values":[0.4519,0.7674,-0.4549,0,-0.7403,0.0381,-0.6712,0,-0.4977,0.6401,0.5853,0,0,0.6088,0,1]},
{"frame":63,"values":[0.4702,0.7697,-0.4319,0,-0.7187,0.0499,-0.6935,0,-0.5123,0.6365,0.5766,0,0,0.6088,0,1]},
{"frame":64,"values":[0.4914,0.7687,-0.4094,0,-0.7046,0.0745,-0.7057,0,-0.512,0.6352,0.5782,0,0,0.6088,0,1]},
{"frame":65,"values":[0.5197,0.7621,-0.3863,0,-0.6876,0.1047,-0.7185,0,-0.5071,0.639,0.5784,0,0,0.6088,0,1]},
{"frame":66,"values":[0.5549,0.7488,-0.3624,0,-0.667,0.1401,-0.7317,0,-0.4972,0.6478,0.5772,0,0,0.6088,0,1]},
{"frame":67,"values":[0.5964,0.728,-0.338,0,-0.6422,0.1802,-0.745,0,-0.4815,0.6614,0.575,0,0,0.6088,0,1]},
{"frame":68,"values":[0.643,0.6988,-0.3133,0,-0.6126,0.2238,-0.7581,0,-0.4596,0.6794,0.572,0,0,0.6088,0,1]},
{"frame":69,"values":[0.693,0.6606,-0.2887,0,-0.5778,0.2694,-0.7704,0,-0.4312,0.7007,0.5684,0,0,0.6088,0,1]},
{"frame":70,"values":[0.7442,0.6133,-0.2647,0,-0.5379,0.3152,-0.7819,0,-0.3961,0.7242,0.5645,0,0,0.6088,0,1]},
{"frame":71,"values":[0.794,0.5577,-0.2421,0,-0.4937,0.359,-0.7921,0,-0.3548,0.7484,0.5603,0,0,0.6088,0,1]},
{"frame":72,"values":[0.84,0.4952,-0.2216,0,-0.4464,0.3989,-0.801,0,-0.3083,0.7718,0.5561,0,0,0.6088,0,1]},
{"frame":73,"values":[0.8803,0.4283,-0.2039,0,-0.398,0.4331,-0.8087,0,-0.2581,0.793,0.5518,0,0,0.6088,0,1]},
{"frame":74,"values":[0.9136,0.3597,-0.1896,0,-0.3507,0.4608,-0.8153,0,-0.2059,0.8113,0.5472,0,0,0.6088,0,1]},
{"frame":75,"values":[0.9394,0.2921,-0.1792,0,-0.3064,0.4817,-0.821,0,-0.1535,0.8262,0.542,0,0,0.6088,0,1]},
{"frame":76,"values":[0.9582,0.228,-0.1728,0,-0.267,0.496,-0.8263,0,-0.1027,0.8379,0.5361,0,0,0.6088,0,1]},
{"frame":77,"values":[0.9708,0.169,-0.1704,0,-0.2337,0.5044,-0.8312,0,-0.0545,0.8468,0.5292,0,0,0.6088,0,1]},
{"frame":78,"values":[0.9782,0.1166,-0.1719,0,-0.2074,0.508,-0.836,0,-0.0101,0.8535,0.5211,0,0,0.6088,0,1]},
{"frame":79,"values":[0.9816,0.0712,-0.177,0,-0.1884,0.5075,-0.8408,0,0.03,0.8587,0.5116,0,0,0.6088,0,1]},
{"frame":80,"values":[0.9821,0.0331,-0.1855,0,-0.1767,0.504,-0.8454,0,0.0655,0.8631,0.5008,0,0,0.6088,0,1]},
{"frame":81,"values":[0.9805,0.0004,-0.1963,0,-0.171,0.4925,-0.8533,0,0.0963,0.8703,0.483,0,0,0.6088,0,1]},
{"frame":82,"values":[0.9777,-0.0283,-0.2082,0,-0.1713,0.4668,-0.8676,0,0.1217,0.8839,0.4516,0,0,0.6088,0,1]},
{"frame":83,"values":[0.974,-0.0524,-0.2204,0,-0.1775,0.4278,-0.8863,0,0.1407,0.9023,0.4074,0,0,0.6088,0,1]},
{"frame":84,"values":[0.9701,-0.0725,-0.2318,0,-0.1879,0.3805,-0.9055,0,0.1539,0.9219,0.3555,0,0,0.6088,0,1]},
{"frame":85,"values":[0.9662,-0.0898,-0.2415,0,-0.1995,0.3324,-0.9218,0,0.163,0.9389,0.3032,0,0,0.6088,0,1]},
{"frame":86,"values":[0.9627,-0.1055,-0.2493,0,-0.2101,0.2893,-0.9339,0,0.1707,0.9514,0.2564,0,0,0.6088,0,1]},
{"frame":87,"values":[0.9585,-0.12,-0.2584,0,-0.223,0.2489,-0.9425,0,0.1774,0.9611,0.2118,0,0,0.6088,0,1]},
{"frame":88,"values":[0.9532,-0.1328,-0.2716,0,-0.2414,0.2066,-0.9482,0,0.182,0.9694,0.1649,0,0,0.6088,0,1]},
{"frame":89,"values":[0.9471,-0.1436,-0.2869,0,-0.2633,0.1629,-0.9509,0,0.1833,0.9761,0.1164,0,0,0.6088,0,1]},
{"frame":90,"values":[0.9413,-0.1524,-0.3011,0,-0.2851,0.1183,-0.9512,0,0.1806,0.9812,0.0679,0,0,0.6088,0,1]},
{"frame":91,"values":[0.9372,-0.159,-0.3106,0,-0.3024,0.0738,-0.9503,0,0.174,0.9845,0.0211,0,0,0.6088,0,1]},
{"frame":92,"values":[0.9359,-0.1632,-0.3122,0,-0.3116,0.0301,-0.9497,0,0.1644,0.9861,-0.0227,0,0,0.6088,0,1]},
{"frame":93,"values":[0.938,-0.1652,-0.3047,0,-0.3109,-0.0123,-0.9504,0,0.1533,0.9862,-0.0629,0,0,0.6088,0,1]},
{"frame":94,"values":[0.9433,-0.165,-0.2879,0,-0.3,-0.0532,-0.9525,0,0.1418,0.9849,-0.0997,0,0,0.6088,0,1]},
{"frame":95,"values":[0.9533,-0.1627,-0.2545,0,-0.2717,-0.0936,-0.9578,0,0.132,0.9822,-0.1335,0,0,0.6088,0,1]},
{"frame":96,"values":[0.9679,-0.1572,-0.196,0,-0.2176,-0.1341,-0.9668,0,0.1257,0.9784,-0.164,0,0,0.6088,0,1]},
{"frame":97,"values":[0.9828,-0.1462,-0.1132,0,-0.1381,-0.1733,-0.9751,0,0.123,0.9739,-0.1905,0,0,0.6088,0,1]},
{"frame":98,"values":[0.9917,-0.128,-0.0101,0,-0.0369,-0.2089,-0.9772,0,0.1229,0.9695,-0.2119,0,0,0.6088,0,1]},
{"frame":99,"values":[0.9892,-0.1018,0.1051,0,0.0784,-0.2381,-0.9681,0,0.1236,0.9659,-0.2276,0,0,0.6088,0,1]},
{"frame":100,"values":[0.9729,-0.0687,0.2207,0,0.1963,-0.2583,-0.9459,0,0.122,0.9636,-0.2378,0,0,0.6088,0,1]},
{"frame":101,"values":[0.9453,-0.0309,0.3248,0,0.3052,-0.2681,-0.9138,0,0.1153,0.9629,-0.244,0,0,0.6088,0,1]},
{"frame":102,"values":[0.9125,0.0091,0.409,0,0.3963,-0.2679,-0.8782,0,0.1016,0.9634,-0.2481,0,0,0.6088,0,1]},
{"frame":103,"values":[0.8815,0.0498,0.4695,0,0.4654,-0.2595,-0.8462,0,0.0797,0.9645,-0.2519,0,0,0.6088,0,1]},
{"frame":104,"values":[0.8578,0.0904,0.506,0,0.5116,-0.2449,-0.8236,0,0.0495,0.9653,-0.2564,0,0,0.6088,0,1]},
{"frame":105,"values":[0.8442,0.1312,0.5196,0,0.5358,-0.2265,-0.8134,0,0.011,0.9651,-0.2616,0,0,0.6088,0,1]},
{"frame":106,"values":[0.844,0.1792,0.5055,0,0.5341,-0.1963,-0.8223,0,-0.0481,0.964,-0.2614,0,0,0.6088,0,1]},
{"frame":107,"values":[0.8561,0.2426,0.4563,0,0.4973,-0.1463,-0.8552,0,-0.1407,0.959,-0.2459,0,0,0.6088,0,1]},
{"frame":108,"values":[0.8702,0.3235,0.3717,0,0.4171,-0.0819,-0.9051,0,-0.2623,0.9427,-0.2062,0,0,0.6088,0,1]},
{"frame":109,"values":[0.8701,0.4201,0.2579,0,0.2905,-0.0144,-0.9568,0,-0.3982,0.9074,-0.1345,0,0,0.6088,0,1]},
{"frame":110,"values":[0.8421,0.5232,0.1312,0,0.1286,0.0415,-0.9908,0,-0.5238,0.8512,-0.0324,0,0,0.6088,0,1]},
{"frame":111,"values":[0.7859,0.6181,0.0143,0,-0.041,0.0752,-0.9963,0,-0.6169,0.7825,0.0844,0,0,0.6088,0,1]},
{"frame":112,"values":[0.7171,0.6928,-0.076,0,-0.188,0.0873,-0.9783,0,-0.6711,0.7159,0.1928,0,0,0.6088,0,1]},
{"frame":113,"values":[0.6556,0.7429,-0.1353,0,-0.2944,0.0865,-0.9518,0,-0.6954,0.6638,0.2754,0,0,0.6088,0,1]},
{"frame":114,"values":[0.6151,0.7705,-0.1674,0,-0.3563,0.0822,-0.9308,0,-0.7034,0.6321,0.325,0,0,0.6088,0,1]},
{"frame":115,"values":[0.6013,0.7791,-0.1773,0,-0.3761,0.0802,-0.9231,0,-0.7049,0.6218,0.3412,0,0,0.6088,0,1]}],"loopBehavior":1,"name":"anim","property":"_matrix"}},
{"name":"Bone.003","index":4,"matrix":[0.5278,0.767,0.365,0,-0.8461,0.4373,0.3048,0,0.0742,-0.4697,0.8797,0,0,0.7268,0,1],"rest":[0.9972,-0.037,-0.0652,0,0.0391,0.9988,0.0306,0,0.064,-0.0331,0.9974,0,0,0.7268,0,1],"parentBoneIndex":3,"length":0.9764
,"animation":{"dataType":3,"framePerSecond":24,"keys":[
{"frame":1,"values":[0.5278,0.767,0.365,0,-0.8461,0.4373,0.3048,0,0.0742,-0.4697,0.8797,0,0,0.7268,0,1]},
{"frame":2,"values":[0.53,0.766,0.3638,0,-0.8448,0.4395,0.3053,0,0.0739,-0.4692,0.88,0,0,0.7268,0,1]},
{"frame":3,"values":[0.5367,0.763,0.3603,0,-0.8406,0.4464,0.3068,0,0.0733,-0.4676,0.8809,0,0,0.7268,0,1]},
{"frame":4,"values":[0.548,0.7577,0.3544,0,-0.8334,0.458,0.3094,0,0.0722,-0.4649,0.8824,0,0,0.7268,0,1]},
{"frame":5,"values":[0.564,0.7499,0.3458,0,-0.8228,0.4744,0.313,0,0.0707,-0.461,0.8846,0,0,0.7268,0,1]},
{"frame":6,"values":[0.5846,0.7392,0.3345,0,-0.8084,0.4957,0.3174,0,0.0688,-0.4559,0.8873,0,0,0.7268,0,1]},
{"frame":7,"values":[0.6096,0.7251,0.3203,0,-0.7899,0.5216,0.3224,0,0.0667,-0.4495,0.8908,0,0,0.7268,0,1]},
{"frame":8,"values":[0.6386,0.7073,0.3032,0,-0.7669,0.5518,0.3278,0,0.0646,-0.4418,0.8948,0,0,0.7268,0,1]},
{"frame":9,"values":[0.6709,0.6854,0.2832,0,-0.7389,0.5857,0.3331,0,0.0625,-0.4327,0.8994,0,0,0.7268,0,1]},
{"frame":10,"values":[0.7057,0.6589,0.2604,0,-0.7059,0.6225,0.338,0,0.0606,-0.4224,0.9044,0,0,0.7268,0,1]},
{"frame":11,"values":[0.742,0.6277,0.2352,0,-0.6677,0.6612,0.3421,0,0.0592,-0.4109,0.9098,0,0,0.7268,0,1]},
{"frame":12,"values":[0.7786,0.592,0.2079,0,-0.6247,0.7006,0.3448,0,0.0585,-0.3984,0.9153,0,0,0.7268,0,1]},
{"frame":13,"values":[0.8143,0.5521,0.1791,0,-0.5775,0.7395,0.346,0,0.0585,-0.3852,0.921,0,0,0.7268,0,1]},
{"frame":14,"values":[0.848,0.5085,0.1495,0,-0.5267,0.7768,0.3453,0,0.0595,-0.3715,0.9265,0,0,0.7268,0,1]},
{"frame":15,"values":[0.8786,0.4623,0.1196,0,-0.4735,0.8114,0.3427,0,0.0613,-0.3577,0.9318,0,0,0.7268,0,1]},
{"frame":16,"values":[0.9057,0.4143,0.0903,0,-0.4191,0.8426,0.3382,0,0.064,-0.3441,0.9367,0,0,0.7268,0,1]},
{"frame":17,"values":[0.9287,0.3657,0.0619,0,-0.3647,0.8699,0.332,0,0.0675,-0.3309,0.9412,0,0,0.7268,0,1]},
{"frame":18,"values":[0.9476,0.3175,0.0351,0,-0.3112,0.8932,0.3245,0,0.0717,-0.3184,0.9452,0,0,0.7268,0,1]},
{"frame":19,"values":[0.9626,0.2706,0.0101,0,-0.2598,0.9125,0.3159,0,0.0762,-0.3067,0.9487,0,0,0.7268,0,1]},
{"frame":20,"values":[0.9741,0.2259,-0.0127,0,-0.2112,0.9281,0.3066,0,0.0811,-0.296,0.9518,0,0,0.7268,0,1]},
{"frame":21,"values":[0.9824,0.1839,-0.0334,0,-0.1659,0.9404,0.297,0,0.086,-0.2862,0.9543,0,0,0.7268,0,1]},
{"frame":22,"values":[0.9881,0.1451,-0.0519,0,-0.1244,0.9497,0.2874,0,0.091,-0.2775,0.9564,0,0,0.7268,0,1]},
{"frame":23,"values":[0.9919,0.1062,-0.0693,0,-0.0831,0.957,0.2779,0,0.0958,-0.2699,0.9581,0,0,0.7268,0,1]},
{"frame":24,"values":[0.9942,0.0643,-0.0866,0,-0.0388,0.9625,0.2684,0,0.1006,-0.2635,0.9594,0,0,0.7268,0,1]},
{"frame":25,"values":[0.9944,0.0197,-0.1037,0,0.0079,0.9659,0.2589,0,0.1053,-0.2583,0.9603,0,0,0.7268,0,1]},
{"frame":26,"values":[0.9924,-0.0268,-0.1205,0,0.0564,0.9668,0.2492,0,0.1098,-0.2541,0.9609,0,0,0.7268,0,1]},
{"frame":27,"values":[0.9878,-0.0742,-0.1368,0,0.1056,0.9652,0.2393,0,0.1142,-0.2508,0.9613,0,0,0.7268,0,1]},
{"frame":28,"values":[0.9809,-0.1213,-0.1523,0,0.1544,0.9611,0.2289,0,0.1186,-0.2481,0.9615,0,0,0.7268,0,1]},
{"frame":29,"values":[0.9718,-0.1669,-0.1668,0,0.2014,0.9549,0.2182,0,0.1229,-0.2456,0.9615,0,0,0.7268,0,1]},
{"frame":30,"values":[0.961,-0.2096,-0.1803,0,0.2454,0.9471,0.2069,0,0.1274,-0.243,0.9616,0,0,0.7268,0,1]},
{"frame":31,"values":[0.9493,-0.2484,-0.1925,0,0.2851,0.9385,0.195,0,0.1322,-0.24,0.9617,0,0,0.7268,0,1]},
{"frame":32,"values":[0.9375,-0.2824,-0.2033,0,0.3197,0.9298,0.1825,0,0.1375,-0.2361,0.9619,0,0,0.7268,0,1]},
{"frame":33,"values":[0.9262,-0.3112,-0.2129,0,0.3486,0.9218,0.1694,0,0.1435,-0.2311,0.9623,0,0,0.7268,0,1]},
{"frame":34,"values":[0.9161,-0.3344,-0.2211,0,0.3717,0.9152,0.1558,0,0.1502,-0.2249,0.9627,0,0,0.7268,0,1]},
{"frame":35,"values":[0.9077,-0.3522,-0.2281,0,0.3888,0.9104,0.1416,0,0.1578,-0.2172,0.9633,0,0,0.7268,0,1]},
{"frame":36,"values":[0.9012,-0.3647,-0.2341,0,0.4002,0.9076,0.1268,0,0.1663,-0.2079,0.9639,0,0,0.7268,0,1]},
{"frame":37,"values":[0.8968,-0.3722,-0.2392,0,0.4062,0.907,0.1114,0,0.1755,-0.1971,0.9645,0,0,0.7268,0,1]},
{"frame":38,"values":[0.8944,-0.3751,-0.2437,0,0.407,0.9084,0.0955,0,0.1855,-0.1846,0.9651,0,0,0.7268,0,1]},
{"frame":39,"values":[0.8955,-0.3698,-0.2475,0,0.399,0.9136,0.0784,0,0.1971,-0.1689,0.9657,0,0,0.7268,0,1]},
{"frame":40,"values":[0.9017,-0.3522,-0.2507,0,0.3774,0.9241,0.0594,0,0.2107,-0.1482,0.9662,0,0,0.7268,0,1]},
{"frame":41,"values":[0.9122,-0.3218,-0.2538,0,0.342,0.9389,0.0388,0,0.2258,-0.1222,0.9665,0,0,0.7268,0,1]},
{"frame":42,"values":[0.9253,-0.2787,-0.2572,0,0.2926,0.9561,0.0167,0,0.2412,-0.0907,0.9662,0,0,0.7268,0,1]},
{"frame":43,"values":[0.939,-0.2237,-0.2614,0,0.2301,0.9732,-0.0063,0,0.2558,-0.0542,0.9652,0,0,0.7268,0,1]},
{"frame":44,"values":[0.9506,-0.1586,-0.2667,0,0.1564,0.9872,-0.0295,0,0.268,-0.0137,0.9633,0,0,0.7268,0,1]},
{"frame":45,"values":[0.958,-0.0867,-0.2733,0,0.0753,0.9958,-0.0519,0,0.2767,0.0291,0.9605,0,0,0.7268,0,1]},
{"frame":46,"values":[0.9596,-0.0123,-0.281,0,-0.0085,0.9973,-0.0726,0,0.2811,0.0721,0.957,0,0,0.7268,0,1]},
{"frame":47,"values":[0.9554,0.0598,-0.2893,0,-0.0896,0.9918,-0.0908,0,0.2815,0.1127,0.9529,0,0,0.7268,0,1]},
{"frame":48,"values":[0.9464,0.1254,-0.2976,0,-0.1632,0.9809,-0.1059,0,0.2786,0.1488,0.9488,0,0,0.7268,0,1]},
{"frame":49,"values":[0.9349,0.181,-0.3052,0,-0.2257,0.967,-0.1178,0,0.2738,0.179,0.945,0,0,0.7268,0,1]},
{"frame":50,"values":[0.9233,0.2249,-0.3115,0,-0.2748,0.9531,-0.1266,0,0.2684,0.2025,0.9418,0,0,0.7268,0,1]},
{"frame":51,"values":[0.9135,0.256,-0.3162,0,-0.3098,0.9415,-0.1324,0,0.2638,0.2189,0.9394,0,0,0.7268,0,1]},
{"frame":52,"values":[0.9071,0.2745,-0.319,0,-0.3304,0.934,-0.1358,0,0.2607,0.2286,0.938,0,0,0.7268,0,1]},
{"frame":53,"values":[0.9049,0.2806,-0.3199,0,-0.3372,0.9314,-0.1368,0,0.2596,0.2317,0.9375,0,0,0.7268,0,1]},
{"frame":64,"values":[0.9024,0.2841,-0.3239,0,-0.3407,0.9308,-0.1327,0,0.2638,0.2301,0.9367,0,0,0.7268,0,1]},
{"frame":65,"values":[0.8945,0.2951,-0.3358,0,-0.3513,0.9285,-0.12,0,0.2764,0.2253,0.9342,0,0,0.7268,0,1]},
{"frame":66,"values":[0.8805,0.3137,-0.3553,0,-0.369,0.9242,-0.0985,0,0.2975,0.2178,0.9296,0,0,0.7268,0,1]},
{"frame":67,"values":[0.8594,0.3404,-0.3814,0,-0.3932,0.917,-0.0677,0,0.3267,0.2082,0.9219,0,0,0.7268,0,1]},
{"frame":68,"values":[0.8302,0.3749,-0.4127,0,-0.4228,0.9058,-0.0277,0,0.3634,0.1975,0.9105,0,0,0.7268,0,1]},
{"frame":69,"values":[0.7917,0.4166,-0.4468,0,-0.4562,0.8896,0.0212,0,0.4064,0.187,0.8944,0,0,0.7268,0,1]},
{"frame":70,"values":[0.7435,0.4644,-0.4811,0,-0.4913,0.8675,0.078,0,0.4536,0.1784,0.8732,0,0,0.7268,0,1]},
{"frame":71,"values":[0.686,0.5163,-0.5127,0,-0.526,0.8387,0.1409,0,0.5028,0.1731,0.8469,0,0,0.7268,0,1]},
{"frame":72,"values":[0.6201,0.5701,-0.5389,0,-0.5583,0.8033,0.2073,0,0.5511,0.1723,0.8164,0,0,0.7268,0,1]},
{"frame":73,"values":[0.5481,0.6232,-0.5579,0,-0.5868,0.7618,0.2745,0,0.5961,0.1769,0.7832,0,0,0.7268,0,1]},
{"frame":74,"values":[0.4724,0.6735,-0.5686,0,-0.6108,0.7152,0.3397,0,0.6354,0.1868,0.7492,0,0,0.7268,0,1]},
{"frame":75,"values":[0.3957,0.7191,-0.5712,0,-0.6305,0.6649,0.4004,0,0.6677,0.2017,0.7165,0,0,0.7268,0,1]},
{"frame":76,"values":[0.3204,0.7592,-0.5665,0,-0.6466,0.6124,0.4549,0,0.6923,0.2206,0.6871,0,0,0.7268,0,1]},
{"frame":77,"values":[0.2483,0.7932,-0.5561,0,-0.6602,0.5586,0.5021,0,0.7088,0.2425,0.6624,0,0,0.7268,0,1]},
{"frame":78,"values":[0.1804,0.8213,-0.5412,0,-0.6725,0.5046,0.5414,0,0.7177,0.2663,0.6434,0,0,0.7268,0,1]},
{"frame":79,"values":[0.1175,0.8439,-0.5235,0,-0.6846,0.4507,0.5729,0,0.7194,0.2911,0.6307,0,0,0.7268,0,1]},
{"frame":80,"values":[0.0597,0.8615,-0.5042,0,-0.6973,0.3974,0.5965,0,0.7142,0.316,0.6245,0,0,0.7268,0,1]},
{"frame":81,"values":[0.0026,0.8724,-0.4887,0,-0.7227,0.3394,0.6021,0,0.6912,0.3517,0.6314,0,0,0.7268,0,1]},
{"frame":82,"values":[-0.0584,0.8723,-0.4854,0,-0.7723,0.2686,0.5757,0,0.6325,0.4085,0.658,0,0,0.7268,0,1]},
{"frame":83,"values":[-0.1204,0.8588,-0.498,0,-0.8386,0.1805,0.514,0,0.5313,0.4795,0.6984,0,0,0.7268,0,1]},
{"frame":84,"values":[-0.1767,0.8322,-0.5256,0,-0.9025,0.0762,0.424,0,0.3929,0.5492,0.7376,0,0,0.7268,0,1]},
{"frame":85,"values":[-0.2213,0.7976,-0.5611,0,-0.9455,-0.0346,0.3238,0,0.2388,0.6022,0.7618,0,0,0.7268,0,1]},
{"frame":86,"values":[-0.2541,0.7615,-0.5963,0,-0.9626,-0.1395,0.2321,0,0.0936,0.633,0.7684,0,0,0.7268,0,1]},
{"frame":87,"values":[-0.2761,0.7209,-0.6356,0,-0.9594,-0.2468,0.1369,0,-0.0582,0.6476,0.7598,0,0,0.7268,0,1]},
{"frame":88,"values":[-0.2818,0.6717,-0.6851,0,-0.93,-0.3669,0.0228,0,-0.2361,0.6435,0.7281,0,0,0.7268,0,1]},
{"frame":89,"values":[-0.267,0.6197,-0.738,0,-0.8676,-0.4879,-0.0958,0,-0.4194,0.6148,0.6679,0,0,0.7268,0,1]},
{"frame":90,"values":[-0.2346,0.5731,-0.7852,0,-0.7794,-0.5936,-0.2004,0,-0.5809,0.565,0.5859,0,0,0.7268,0,1]},
{"frame":91,"values":[-0.1953,0.5381,-0.8199,0,-0.6861,-0.6724,-0.2779,0,-0.7008,0.5083,0.5005,0,0,0.7268,0,1]},
{"frame":92,"values":[-0.1609,0.516,-0.8413,0,-0.6095,-0.7224,-0.3266,0,-0.7763,0.4603,0.4307,0,0,0.7268,0,1]},
{"frame":93,"values":[-0.1388,0.5047,-0.8521,0,-0.5622,-0.7485,-0.3518,0,-0.8153,0.4302,0.3876,0,0,0.7268,0,1]},
{"frame":94,"values":[-0.1315,0.5014,-0.8552,0,-0.5468,-0.7563,-0.3593,0,-0.8269,0.4203,0.3736,0,0,0.7268,0,1]},
{"frame":95,"values":[-0.1564,0.509,-0.8464,0,-0.5615,-0.7508,-0.3478,0,-0.8125,0.4209,0.4032,0,0,0.7268,0,1]},
{"frame":96,"values":[-0.2324,0.5336,-0.8132,0,-0.6057,-0.7336,-0.3082,0,-0.761,0.4209,0.4936,0,0,0.7268,0,1]},
{"frame":97,"values":[-0.3566,0.5783,-0.7338,0,-0.6738,-0.7033,-0.2268,0,-0.6471,0.4135,0.6405,0,0,0.7268,0,1]},
{"frame":98,"values":[-0.506,0.6435,-0.5743,0,-0.7451,-0.6616,-0.0849,0,-0.4346,0.385,0.8142,0,0,0.7268,0,1]},
{"frame":99,"values":[-0.6201,0.7184,-0.3153,0,-0.7769,-0.6181,0.1197,0,-0.1089,0.3192,0.9414,0,0,0.7268,0,1]},
{"frame":100,"values":[-0.6274,0.7787,0,0,-0.7308,-0.5889,0.3452,0,0.2688,0.2166,0.9385,0,0,0.7268,0,1]},
{"frame":101,"values":[-0.5219,0.8072,0.2758,0,-0.6203,-0.5811,0.5268,0,0.5855,0.1038,0.804,0,0,0.7268,0,1]},
{"frame":102,"values":[-0.3701,0.8107,0.4536,0,-0.5004,-0.5854,0.6379,0,0.7827,0.0091,0.6223,0,0,0.7268,0,1]},
{"frame":103,"values":[-0.2359,0.8066,0.5419,0,-0.4121,-0.5881,0.6959,0,0.8801,-0.0592,0.4711,0,0,0.7268,0,1]},
{"frame":104,"values":[-0.1452,0.8074,0.5718,0,-0.3686,-0.5805,0.7261,0,0.9182,-0.1053,0.3819,0,0,0.7268,0,1]},
{"frame":105,"values":[-0.1006,0.8187,0.5654,0,-0.3695,-0.5584,0.7428,0,0.9238,-0.1342,0.3587,0,0,0.7268,0,1]},
{"frame":106,"values":[-0.0697,0.8391,0.5395,0,-0.41,-0.5171,0.7513,0,0.9094,-0.1688,0.3801,0,0,0.7268,0,1]},
{"frame":107,"values":[-0.0207,0.8634,0.5041,0,-0.4846,-0.4497,0.7503,0,0.8745,-0.2287,0.4277,0,0,0.7268,0,1]},
{"frame":108,"values":[0.0496,0.8855,0.4619,0,-0.5848,-0.3492,0.7322,0,0.8097,-0.3064,0.5005,0,0,0.7268,0,1]},
{"frame":109,"values":[0.1407,0.8969,0.4193,0,-0.693,-0.2132,0.6886,0,0.707,-0.3875,0.5916,0,0,0.7268,0,1]},
{"frame":110,"values":[0.2443,0.8902,0.3846,0,-0.7851,-0.0512,0.6173,0,0.5692,-0.4527,0.6864,0,0,0.7268,0,1]},
{"frame":111,"values":[0.3449,0.8652,0.364,0,-0.842,0.1138,0.5274,0,0.4149,-0.4884,0.7677,0,0,0.7268,0,1]},
{"frame":112,"values":[0.4277,0.8303,0.3574,0,-0.8621,0.2557,0.4375,0,0.2719,-0.4952,0.8251,0,0,0.7268,0,1]},
{"frame":113,"values":[0.4852,0.7972,0.3593,0,-0.8592,0.3584,0.3651,0,0.1622,-0.4859,0.8589,0,0,0.7268,0,1]},
{"frame":114,"values":[0.5176,0.7747,0.3632,0,-0.8502,0.4181,0.3198,0,0.0959,-0.4744,0.8751,0,0,0.7268,0,1]},
{"frame":115,"values":[0.5278,0.767,0.365,0,-0.8461,0.4373,0.3048,0,0.0742,-0.4697,0.8797,0,0,0.7268,0,1]}],"loopBehavior":1,"name":"anim","property":"_matrix"}},
{"name":"Bone.004","index":5,"matrix":[0.1839,0,0.983,0,0.9357,0.3063,-0.175,0,-0.3011,0.9519,0.0563,0,0,0.5,0,1],"rest":[0.1839,0,0.983,0,0.9357,0.3063,-0.175,0,-0.3011,0.9519,0.0563,0,0,0.5,0,1],"parentBoneIndex":1,"length":0.6636
,"animation":{"dataType":3,"framePerSecond":24,"keys":[
{"frame":1,"values":[0.1839,0,0.983,0,0.9357,0.3063,-0.175,0,-0.3011,0.9519,0.0563,0,0,0.5,0,1]},
{"frame":115,"values":[0.1839,0,0.983,0,0.9357,0.3063,-0.175,0,-0.3011,0.9519,0.0563,0,0,0.5,0,1]}],"loopBehavior":1,"name":"anim","property":"_matrix"}},
{"name":"Bone.005","index":6,"matrix":[0.2507,-0.9584,0.1363,0,0.0544,-0.1266,-0.9905,0,0.9665,0.2557,0.0204,0,0,0.6636,0,1],"rest":[0.2809,-0.9136,0.294,0,0.4025,-0.166,-0.9003,0,0.8712,0.3712,0.3211,0,0,0.6636,0,1],"parentBoneIndex":5,"length":0.7213
,"animation":{"dataType":3,"framePerSecond":24,"keys":[
{"frame":1,"values":[0.2507,-0.9584,0.1363,0,0.0544,-0.1266,-0.9905,0,0.9665,0.2557,0.0204,0,0,0.6636,0,1]},
{"frame":2,"values":[0.2508,-0.9583,0.1366,0,0.0542,-0.127,-0.9904,0,0.9665,0.2558,0.0201,0,0,0.6636,0,1]},
{"frame":3,"values":[0.2512,-0.9581,0.1377,0,0.0537,-0.1282,-0.9903,0,0.9664,0.2562,0.0192,0,0,0.6636,0,1]},
{"frame":4,"values":[0.2518,-0.9577,0.1394,0,0.0527,-0.1303,-0.9901,0,0.9663,0.2567,0.0177,0,0,0.6636,0,1]},
{"frame":5,"values":[0.2527,-0.9571,0.142,0,0.0514,-0.1332,-0.9897,0,0.9662,0.2574,0.0155,0,0,0.6636,0,1]},
{"frame":6,"values":[0.2539,-0.9563,0.1452,0,0.0497,-0.1371,-0.9893,0,0.966,0.2584,0.0127,0,0,0.6636,0,1]},
{"frame":7,"values":[0.2553,-0.9553,0.1493,0,0.0476,-0.1418,-0.9888,0,0.9657,0.2595,0.0093,0,0,0.6636,0,1]},
{"frame":8,"values":[0.257,-0.9541,0.154,0,0.0451,-0.1473,-0.9881,0,0.9654,0.2609,0.0052,0,0,0.6636,0,1]},
{"frame":9,"values":[0.2589,-0.9527,0.1593,0,0.0423,-0.1536,-0.9872,0,0.965,0.2624,0.0006,0,0,0.6636,0,1]},
{"frame":10,"values":[0.2611,-0.9511,0.1652,0,0.0393,-0.1605,-0.9862,0,0.9645,0.264,-0.0046,0,0,0.6636,0,1]},
{"frame":11,"values":[0.2635,-0.9493,0.1716,0,0.036,-0.1681,-0.9851,0,0.964,0.2657,-0.0101,0,0,0.6636,0,1]},
{"frame":12,"values":[0.266,-0.9473,0.1783,0,0.0325,-0.176,-0.9838,0,0.9634,0.2675,-0.0161,0,0,0.6636,0,1]},
{"frame":13,"values":[0.2686,-0.9453,0.1852,0,0.0289,-0.1843,-0.9824,0,0.9628,0.2693,-0.0222,0,0,0.6636,0,1]},
{"frame":14,"values":[0.2713,-0.9431,0.1922,0,0.0253,-0.1927,-0.9809,0,0.9622,0.271,-0.0284,0,0,0.6636,0,1]},
{"frame":15,"values":[0.274,-0.9409,0.1992,0,0.0217,-0.2011,-0.9793,0,0.9615,0.2727,-0.0347,0,0,0.6636,0,1]},
{"frame":16,"values":[0.2768,-0.9386,0.2061,0,0.0182,-0.2093,-0.9777,0,0.9608,0.2743,-0.0409,0,0,0.6636,0,1]},
{"frame":17,"values":[0.2794,-0.9363,0.2127,0,0.0148,-0.2173,-0.976,0,0.9601,0.2758,-0.0469,0,0,0.6636,0,1]},
{"frame":18,"values":[0.2819,-0.9341,0.219,0,0.0115,-0.2249,-0.9743,0,0.9594,0.2772,-0.0526,0,0,0.6636,0,1]},
{"frame":19,"values":[0.2844,-0.932,0.2249,0,0.0085,-0.2321,-0.9727,0,0.9587,0.2785,-0.0581,0,0,0.6636,0,1]},
{"frame":20,"values":[0.2867,-0.9299,0.2304,0,0.0057,-0.2388,-0.971,0,0.958,0.2797,-0.0632,0,0,0.6636,0,1]},
{"frame":21,"values":[0.2888,-0.928,0.2355,0,0.0031,-0.245,-0.9695,0,0.9574,0.2807,-0.0679,0,0,0.6636,0,1]},
{"frame":22,"values":[0.2907,-0.9262,0.2401,0,0.0008,-0.2507,-0.9681,0,0.9568,0.2816,-0.0722,0,0,0.6636,0,1]},
{"frame":23,"values":[0.2927,-0.9244,0.2447,0,-0.0011,-0.2562,-0.9666,0,0.9562,0.2827,-0.076,0,0,0.6636,0,1]},
{"frame":24,"values":[0.2948,-0.9224,0.2496,0,-0.0023,-0.2619,-0.9651,0,0.9555,0.284,-0.0794,0,0,0.6636,0,1]},
{"frame":25,"values":[0.2971,-0.9202,0.2548,0,-0.0029,-0.2677,-0.9635,0,0.9548,0.2855,-0.0822,0,0,0.6636,0,1]},
{"frame":26,"values":[0.2995,-0.9179,0.2602,0,-0.0029,-0.2736,-0.9618,0,0.9541,0.2873,-0.0846,0,0,0.6636,0,1]},
{"frame":27,"values":[0.302,-0.9155,0.2658,0,-0.0025,-0.2796,-0.9601,0,0.9533,0.2893,-0.0868,0,0,0.6636,0,1]},
{"frame":28,"values":[0.3045,-0.913,0.2714,0,-0.0019,-0.2855,-0.9584,0,0.9525,0.2913,-0.0887,0,0,0.6636,0,1]},
{"frame":29,"values":[0.3069,-0.9106,0.2769,0,-0.0013,-0.2913,-0.9566,0,0.9517,0.2933,-0.0906,0,0,0.6636,0,1]},
{"frame":30,"values":[0.3093,-0.9082,0.2821,0,-0.001,-0.297,-0.9549,0,0.951,0.295,-0.0928,0,0,0.6636,0,1]},
{"frame":31,"values":[0.3114,-0.9059,0.2869,0,-0.0012,-0.3023,-0.9532,0,0.9503,0.2965,-0.0952,0,0,0.6636,0,1]},
{"frame":32,"values":[0.3134,-0.9039,0.2913,0,-0.0021,-0.3074,-0.9516,0,0.9496,0.2976,-0.0982,0,0,0.6636,0,1]},
{"frame":33,"values":[0.3151,-0.9021,0.2949,0,-0.004,-0.312,-0.9501,0,0.9491,0.2981,-0.1019,0,0,0.6636,0,1]},
{"frame":34,"values":[0.3164,-0.9006,0.2979,0,-0.007,-0.3163,-0.9486,0,0.9486,0.2981,-0.1064,0,0,0.6636,0,1]},
{"frame":35,"values":[0.3175,-0.8995,0.3002,0,-0.0111,-0.3201,-0.9473,0,0.9482,0.2975,-0.1116,0,0,0.6636,0,1]},
