{"producer":{"name":"Blender","version":"2.78 (sub 0)","exporter_version":"5.2.0","file":"swamp.babylon"},
"autoClear":true,"clearColor":[0.0509,0.0509,0.0509],"ambientColor":[0,0,0],"gravity":[0,-9.81,0],
"materials":[{"name":"swamp.material_0","id":"swamp.material_0","ambient":[0.1169,0.1169,0.1169],"diffuse":[0.5843,0.5843,0.5843],"specular":[1,1,1],"emissive":[0,0,0],"specularPower":511,"alpha":1,"backFaceCulling":true,"checkReadyOnlyOnce":false,"maxSimultaneousLights":4, 
"diffuseTexture":{"name":"shockwav.bmp","level":1,"hasAlpha":1,"coordinatesMode":0,"uOffset":0,"vOffset":0,"uScale":1,"vScale":1,"uAng":0,"vAng":0,"wAng":0,"wrapU":1,"wrapV":1,"coordinatesIndex":0}},
{"name":"swamp.Default","id":"swamp.Default","ambient":[0,0,0],"diffuse":[0.8,0.8,0.8],"specular":[0.2,0.2,0.2],"emissive":[0,0,0],"specularPower":131,"alpha":1,"backFaceCulling":true,"checkReadyOnlyOnce":false,"maxSimultaneousLights":4}],
"multiMaterials":[{"name":"swamp.Multimaterial#0","id":"swamp.Multimaterial#0","materials":["swamp.material_0","swamp.Default"]}],
"skeletons":[{"name":"Armature","id":0,"dimensionsAtRest":[2.1794,2.5812,1.3332],"bones":[
{"name":"Bone","index":0,"matrix":[1,0,0,0,0,1,0,0,0,0,-1,0,-0.187,1.5151,-0.2025,1],"rest":[1,0,0,0,0,1,0,0,0,0,-1,0,0.0017,1.5572,-0.0078,1],"parentBoneIndex":-1,"length":0.6931
,"animation":{"dataType":3,"framePerSecond":24,"keys":[
{"frame":1,"values":[1,0,0,0,0,1,0,0,0,0,-1,0,-0.2219,1.5151,-0.2025,1]},
{"frame":2,"values":[1,0,0,0,0,1,0,0,0,0,-1,0,-0.221,1.5151,-0.2025,1]},
{"frame":3,"values":[1,0,0,0,0,1,0,0,0,0,-1,0,-0.2181,1.5151,-0.2025,1]},
{"frame":4,"values":[1,0,0,0,0,1,0,0,0,0,-1,0,-0.2132,1.5151,-0.2025,1]},
{"frame":5,"values":[1,0,0,0,0,1,0,0,0,0,-1,0,-0.2064,1.5151,-0.2025,1]},
{"frame":6,"values":[1,0,0,0,0,1,0,0,0,0,-1,0,-0.1976,1.5151,-0.2025,1]},
{"frame":7,"values":[1,0,0,0,0,1,0,0,0,0,-1,0,-0.187,1.5151,-0.2025,1]},
{"frame":8,"values":[1,0,0,0,0,1,0,0,0,0,-1,0,-0.1744,1.5151,-0.2025,1]},
{"frame":9,"values":[1,0,0,0,0,1,0,0,0,0,-1,0,-0.1601,1.5151,-0.2025,1]},
{"frame":10,"values":[1,0,0,0,0,1,0,0,0,0,-1,0,-0.144,1.5151,-0.2025,1]},
{"frame":11,"values":[1,0,0,0,0,1,0,0,0,0,-1,0,-0.1264,1.5151,-0.2025,1]},
{"frame":12,"values":[1,0,0,0,0,1,0,0,0,0,-1,0,-0.1074,1.5151,-0.2025,1]},
{"frame":13,"values":[1,0,0,0,0,1,0,0,0,0,-1,0,-0.0871,1.5151,-0.2025,1]},
{"frame":14,"values":[1,0,0,0,0,1,0,0,0,0,-1,0,-0.0659,1.5151,-0.2025,1]},
{"frame":15,"values":[1,0,0,0,0,1,0,0,0,0,-1,0,-0.0438,1.5151,-0.2025,1]},
{"frame":16,"values":[1,0,0,0,0,1,0,0,0,0,-1,0,-0.0212,1.5151,-0.2025,1]},
{"frame":17,"values":[1,0,0,0,0,1,0,0,0,0,-1,0,0.0017,1.5151,-0.2025,1]},
{"frame":18,"values":[1,0,0,0,0,1,0,0,0,0,-1,0,0.0246,1.5151,-0.2025,1]},
{"frame":19,"values":[1,0,0,0,0,1,0,0,0,0,-1,0,0.0472,1.5151,-0.2025,1]},
{"frame":20,"values":[1,0,0,0,0,1,0,0,0,0,-1,0,0.0693,1.5151,-0.2025,1]},
{"frame":21,"values":[1,0,0,0,0,1,0,0,0,0,-1,0,0.0906,1.5151,-0.2025,1]},
{"frame":22,"values":[1,0,0,0,0,1,0,0,0,0,-1,0,0.1108,1.5151,-0.2025,1]},
{"frame":23,"values":[1,0,0,0,0,1,0,0,0,0,-1,0,0.1298,1.5151,-0.2025,1]},
{"frame":24,"values":[1,0,0,0,0,1,0,0,0,0,-1,0,0.1474,1.5151,-0.2025,1]},
{"frame":25,"values":[1,0,0,0,0,1,0,0,0,0,-1,0,0.1635,1.5151,-0.2025,1]},
{"frame":26,"values":[1,0,0,0,0,1,0,0,0,0,-1,0,0.1778,1.5151,-0.2025,1]},
{"frame":27,"values":[1,0,0,0,0,1,0,0,0,0,-1,0,0.1904,1.5151,-0.2025,1]},
{"frame":28,"values":[1,0,0,0,0,1,0,0,0,0,-1,0,0.201,1.5151,-0.2025,1]},
{"frame":29,"values":[1,0,0,0,0,1,0,0,0,0,-1,0,0.2098,1.5151,-0.2025,1]},
{"frame":30,"values":[1,0,0,0,0,1,0,0,0,0,-1,0,0.2166,1.5151,-0.2025,1]},
{"frame":31,"values":[1,0,0,0,0,1,0,0,0,0,-1,0,0.2215,1.5151,-0.2025,1]},
{"frame":32,"values":[1,0,0,0,0,1,0,0,0,0,-1,0,0.2244,1.5151,-0.2025,1]},
{"frame":33,"values":[1,0,0,0,0,1,0,0,0,0,-1,0,0.2253,1.5151,-0.2025,1]},
{"frame":81,"values":[1,0,0,0,0,1,0,0,0,0,-1,0,0.2253,1.5151,-0.2025,1]}],"loopBehavior":1,"name":"anim","property":"_matrix"}},
{"name":"Bone.007","index":1,"matrix":[0.9814,0,0.1919,0,0.1121,0.8114,-0.5737,0,-0.1557,0.5845,0.7963,0,0,0.6931,0,1],"rest":[0.9814,0,0.1919,0,0.1121,0.8114,-0.5737,0,-0.1557,0.5845,0.7963,0,0,0.6931,0,1],"parentBoneIndex":0,"length":0.2329
,"animation":{"dataType":3,"framePerSecond":24,"keys":[
{"frame":1,"values":[0.9814,0,0.1919,0,0.1121,0.8114,-0.5737,0,-0.1557,0.5845,0.7963,0,0,0.6931,0,1]},
{"frame":81,"values":[0.9814,0,0.1919,0,0.1121,0.8114,-0.5737,0,-0.1557,0.5845,0.7963,0,0,0.6931,0,1]}],"loopBehavior":1,"name":"anim","property":"_matrix"}},
{"name":"Bone.008","index":2,"matrix":[-0.0972,0.5818,-0.8075,0,-0.9875,0.0445,0.1509,0,0.1237,0.8121,0.5702,0,0,0.2329,0,1],"rest":[-0.0972,0.5818,-0.8075,0,-0.9875,0.0445,0.1509,0,0.1237,0.8121,0.5702,0,0,0.2329,0,1],"parentBoneIndex":1,"length":0.5267
,"animation":{"dataType":3,"framePerSecond":24,"keys":[
{"frame":1,"values":[-0.0972,0.5818,-0.8075,0,-0.9875,0.0445,0.1509,0,0.1237,0.8121,0.5702,0,0,0.2329,0,1]},
{"frame":81,"values":[-0.0972,0.5818,-0.8075,0,-0.9875,0.0445,0.1509,0,0.1237,0.8121,0.5702,0,0,0.2329,0,1]}],"loopBehavior":1,"name":"anim","property":"_matrix"}},
{"name":"Bone.009","index":3,"matrix":[-0.2446,-0.9696,-0.0045,0,-0.9155,0.2325,-0.3284,0,0.3195,-0.0762,-0.9445,0,0,0.5267,0,1],"rest":[0.5387,0.8359,-0.1048,0,-0.5617,0.2637,-0.7842,0,-0.6279,0.4813,0.6116,0,0,0.5267,0,1],"parentBoneIndex":2,"length":0.4967
,"animation":{"dataType":3,"framePerSecond":24,"keys":[
{"frame":1,"values":[-0.2927,-0.9561,0.0126,0,-0.9043,0.2725,-0.3286,0,0.3107,-0.1076,-0.9444,0,0,0.5267,0,1]},
{"frame":2,"values":[-0.2916,-0.9565,0.0122,0,-0.9046,0.2716,-0.3286,0,0.311,-0.1068,-0.9444,0,0,0.5267,0,1]},
{"frame":3,"values":[-0.2881,-0.9575,0.011,0,-0.9055,0.2687,-0.3285,0,0.3116,-0.1046,-0.9444,0,0,0.5267,0,1]},
{"frame":4,"values":[-0.2822,-0.9593,0.0088,0,-0.9069,0.2638,-0.3285,0,0.3128,-0.1007,-0.9445,0,0,0.5267,0,1]},
{"frame":5,"values":[-0.2734,-0.9619,0.0057,0,-0.9091,0.2564,-0.3284,0,0.3145,-0.095,-0.9445,0,0,0.5267,0,1]},
{"frame":6,"values":[-0.2611,-0.9653,0.0013,0,-0.9119,0.2462,-0.3284,0,0.3167,-0.087,-0.9445,0,0,0.5267,0,1]},
{"frame":7,"values":[-0.2446,-0.9696,-0.0045,0,-0.9155,0.2325,-0.3284,0,0.3195,-0.0762,-0.9445,0,0,0.5267,0,1]},
{"frame":8,"values":[-0.2226,-0.9748,-0.0123,0,-0.9199,0.2142,-0.3286,0,0.3229,-0.0619,-0.9444,0,0,0.5267,0,1]},
{"frame":9,"values":[-0.1933,-0.9809,-0.0225,0,-0.925,0.1898,-0.329,0,0.327,-0.0428,-0.9441,0,0,0.5267,0,1]},
{"frame":10,"values":[-0.1536,-0.9875,-0.0362,0,-0.9308,0.1569,-0.33,0,0.3316,-0.017,-0.9433,0,0,0.5267,0,1]},
{"frame":11,"values":[-0.0988,-0.9936,-0.055,0,-0.9366,0.1115,-0.3321,0,0.3361,0.0187,-0.9416,0,0,0.5267,0,1]},
{"frame":12,"values":[-0.0206,-0.9965,-0.0811,0,-0.9405,0.0469,-0.3365,0,0.3391,0.0694,-0.9382,0,0,0.5267,0,1]},
{"frame":13,"values":[0.0958,-0.9883,-0.119,0,-0.9369,-0.0491,-0.3462,0,0.3363,0.1446,-0.9306,0,0,0.5267,0,1]},
{"frame":14,"values":[0.2779,-0.9444,-0.1755,0,-0.908,-0.1986,-0.369,0,0.3136,0.2619,-0.9127,0,0,0.5267,0,1]},
{"frame":15,"values":[0.5684,-0.7815,-0.2574,0,-0.792,-0.435,-0.4283,0,0.2227,0.4472,-0.8662,0,0,0.5267,0,1]},
{"frame":16,"values":[0.9189,-0.2247,-0.3244,0,-0.382,-0.7125,-0.5886,0,-0.0988,0.6648,-0.7405,0,0,0.5267,0,1]},
{"frame":17,"values":[0.5387,0.8359,-0.1048,0,0.4219,-0.3753,-0.8253,0,-0.7292,0.4004,-0.5549,0,0,0.5267,0,1]},
{"frame":18,"values":[-0.5513,0.7951,0.2529,0,0.415,0.5243,-0.7436,0,-0.7238,-0.305,-0.619,0,0,0.5267,0,1]},
{"frame":19,"values":[-0.9133,0.2463,0.3244,0,0.0112,0.8114,-0.5844,0,-0.4072,-0.5301,-0.7438,0,0,0.5267,0,1]},
{"frame":20,"values":[-0.9474,-0.0945,0.3057,0,-0.2437,0.8322,-0.4981,0,-0.2073,-0.5464,-0.8114,0,0,0.5267,0,1]},
{"frame":21,"values":[-0.9169,-0.2858,0.2786,0,-0.3879,0.8027,-0.4529,0,-0.0942,-0.5234,-0.8469,0,0,0.5267,0,1]},
{"frame":22,"values":[-0.8797,-0.4006,0.2562,0,-0.4748,0.7695,-0.4271,0,-0.0261,-0.4973,-0.8672,0,0,0.5267,0,1]},
{"frame":23,"values":[-0.8472,-0.4744,0.2389,0,-0.5309,0.7411,-0.411,0,0.0179,-0.475,-0.8798,0,0,0.5267,0,1]},
{"frame":24,"values":[-0.8208,-0.5246,0.2257,0,-0.5691,0.7182,-0.4003,0,0.0479,-0.4571,-0.8881,0,0,0.5267,0,1]},
{"frame":25,"values":[-0.7998,-0.5602,0.2156,0,-0.5962,0.7001,-0.393,0,0.0692,-0.4429,-0.8939,0,0,0.5267,0,1]},
{"frame":26,"values":[-0.7832,-0.586,0.2078,0,-0.616,0.6858,-0.3877,0,0.0846,-0.4317,-0.8981,0,0,0.5267,0,1]},
{"frame":27,"values":[-0.7702,-0.6051,0.2018,0,-0.6306,0.6746,-0.3838,0,0.0961,-0.4229,-0.9011,0,0,0.5267,0,1]},
{"frame":28,"values":[-0.76,-0.6192,0.1972,0,-0.6414,0.6659,-0.381,0,0.1046,-0.4161,-0.9033,0,0,0.5267,0,1]},
{"frame":29,"values":[-0.7523,-0.6297,0.1937,0,-0.6494,0.6593,-0.3789,0,0.1109,-0.4109,-0.9049,0,0,0.5267,0,1]},
{"frame":30,"values":[-0.7466,-0.6372,0.1912,0,-0.6551,0.6545,-0.3775,0,0.1154,-0.4071,-0.9061,0,0,0.5267,0,1]},
{"frame":31,"values":[-0.7428,-0.6422,0.1895,0,-0.659,0.6512,-0.3765,0,0.1184,-0.4045,-0.9068,0,0,0.5267,0,1]},
{"frame":32,"values":[-0.7405,-0.645,0.1885,0,-0.6612,0.6492,-0.3759,0,0.1201,-0.403,-0.9073,0,0,0.5267,0,1]},
{"frame":33,"values":[-0.7398,-0.646,0.1882,0,-0.6619,0.6486,-0.3757,0,0.1207,-0.4025,-0.9074,0,0,0.5267,0,1]},
{"frame":34,"values":[-0.7398,-0.6451,0.1909,0,-0.6618,0.6467,-0.3792,0,0.1211,-0.4069,-0.9054,0,0,0.5267,0,1]},
{"frame":35,"values":[-0.74,-0.6424,0.1993,0,-0.6614,0.641,-0.3895,0,0.1224,-0.4201,-0.8992,0,0,0.5267,0,1]},
{"frame":36,"values":[-0.7403,-0.6375,0.2133,0,-0.6606,0.631,-0.4067,0,0.1247,-0.442,-0.8883,0,0,0.5267,0,1]},
{"frame":37,"values":[-0.7408,-0.6301,0.2328,0,-0.6595,0.6163,-0.4304,0,0.1278,-0.4724,-0.8721,0,0,0.5267,0,1]},
{"frame":38,"values":[-0.7415,-0.6196,0.2575,0,-0.6579,0.5961,-0.4602,0,0.1317,-0.5106,-0.8497,0,0,0.5267,0,1]},
{"frame":39,"values":[-0.7425,-0.6054,0.2866,0,-0.6559,0.57,-0.495,0,0.1363,-0.5555,-0.8203,0,0,0.5267,0,1]},
{"frame":40,"values":[-0.7438,-0.5871,0.3195,0,-0.6532,0.5374,-0.5334,0,0.1415,-0.6055,-0.7832,0,0,0.5267,0,1]},
{"frame":41,"values":[-0.7456,-0.5641,0.3547,0,-0.65,0.4981,-0.574,0,0.1471,-0.6585,-0.7381,0,0,0.5267,0,1]},
{"frame":42,"values":[-0.7478,-0.5366,0.3909,0,-0.6461,0.4526,-0.6145,0,0.1528,-0.7122,-0.6852,0,0,0.5267,0,1]},
{"frame":43,"values":[-0.7504,-0.505,0.4265,0,-0.6417,0.4018,-0.6532,0,0.1585,-0.7639,-0.6256,0,0,0.5267,0,1]},
{"frame":44,"values":[-0.7533,-0.47,0.46,0,-0.6369,0.3473,-0.6883,0,0.1638,-0.8115,-0.561,0,0,0.5267,0,1]},
{"frame":45,"values":[-0.7565,-0.4331,0.4901,0,-0.6319,0.291,-0.7183,0,0.1685,-0.8531,-0.4938,0,0,0.5267,0,1]},
{"frame":46,"values":[-0.7597,-0.3958,0.5159,0,-0.6269,0.2352,-0.7427,0,0.1726,-0.8877,-0.4268,0,0,0.5267,0,1]},
{"frame":47,"values":[-0.7629,-0.3596,0.5372,0,-0.6221,0.1821,-0.7615,0,0.176,-0.9151,-0.3627,0,0,0.5267,0,1]},
{"frame":48,"values":[-0.7659,-0.3261,0.5541,0,-0.6176,0.1337,-0.775,0,0.1787,-0.9358,-0.3038,0,0,0.5267,0,1]},
{"frame":49,"values":[-0.7686,-0.2964,0.5669,0,-0.6137,0.0913,-0.7842,0,0.1807,-0.9507,-0.2521,0,0,0.5267,0,1]},
{"frame":50,"values":[-0.7708,-0.2714,0.5763,0,-0.6104,0.056,-0.7901,0,0.1822,-0.9608,-0.2088,0,0,0.5267,0,1]},
{"frame":51,"values":[-0.7726,-0.2517,0.5828,0,-0.6078,0.0283,-0.7936,0,0.1832,-0.9674,-0.1749,0,0,0.5267,0,1]},
{"frame":52,"values":[-0.7739,-0.2375,0.587,0,-0.606,0.0086,-0.7954,0,0.1839,-0.9713,-0.1506,0,0,0.5267,0,1]},
{"frame":53,"values":[-0.7747,-0.2291,0.5894,0,-0.6049,-0.0032,-0.7963,0,0.1843,-0.9734,-0.1361,0,0,0.5267,0,1]},
{"frame":54,"values":[-0.775,-0.2263,0.5901,0,-0.6045,-0.007,-0.7966,0,0.1844,-0.974,-0.1313,0,0,0.5267,0,1]},
{"frame":61,"values":[-0.78,-0.2129,0.5884,0,-0.6028,0.0033,-0.7979,0,0.1679,-0.9771,-0.1309,0,0,0.5267,0,1]},
{"frame":62,"values":[-0.7943,-0.1707,0.5831,0,-0.5964,0.0355,-0.8019,0,0.1162,-0.9847,-0.13,0,0,0.5267,0,1]},
{"frame":63,"values":[-0.8134,-0.096,0.5738,0,-0.5812,0.0902,-0.8088,0,0.0259,-0.9913,-0.1292,0,0,0.5267,0,1]},
{"frame":64,"values":[-0.8283,0.0124,0.5602,0,-0.5509,0.1649,-0.8181,0,-0.1025,-0.9862,-0.1298,0,0,0.5267,0,1]},
{"frame":65,"values":[-0.8263,0.1492,0.543,0,-0.4993,0.2518,-0.829,0,-0.2605,-0.9562,-0.1336,0,0,0.5267,0,1]},
{"frame":66,"values":[-0.797,0.3002,0.5241,0,-0.4251,0.3378,-0.8398,0,-0.4291,-0.8921,-0.1416,0,0,0.5267,0,1]},
{"frame":67,"values":[-0.7388,0.4452,0.506,0,-0.3346,0.4095,-0.8488,0,-0.585,-0.7964,-0.1536,0,0,0.5267,0,1]},
{"frame":68,"values":[-0.6612,0.5675,0.4906,0,-0.24,0.4597,-0.8551,0,-0.7108,-0.6831,-0.1678,0,0,0.5267,0,1]},
{"frame":69,"values":[-0.5786,0.6601,0.479,0,-0.153,0.489,-0.8587,0,-0.8012,-0.5701,-0.1819,0,0,0.5267,0,1]},
{"frame":70,"values":[-0.503,0.7247,0.4709,0,-0.0809,0.503,-0.8605,0,-0.8605,-0.471,-0.1944,0,0,0.5267,0,1]},
{"frame":71,"values":[-0.4276,0.7754,0.4646,0,-0.014,0.5082,-0.8611,0,-0.9039,-0.3748,-0.2064,0,0,0.5267,0,1]},
{"frame":72,"values":[-0.3464,0.818,0.4592,0,0.0536,0.506,-0.8609,0,-0.9366,-0.2736,-0.2191,0,0,0.5267,0,1]},
{"frame":73,"values":[-0.2759,0.8463,0.4557,0,0.109,0.4986,-0.8599,0,-0.955,-0.1876,-0.2299,0,0,0.5267,0,1]},
{"frame":74,"values":[-0.2322,0.8603,0.4539,0,0.1422,0.4917,-0.8591,0,-0.9622,-0.1349,-0.2365,0,0,0.5267,0,1]},
{"frame":75,"values":[-0.2185,0.8641,0.4535,0,0.1523,0.4892,-0.8588,0,-0.9639,-0.1186,-0.2385,0,0,0.5267,0,1]},
{"frame":81,"values":[-0.2185,0.8641,0.4535,0,0.1523,0.4892,-0.8588,0,-0.9639,-0.1186,-0.2385,0,0,0.5267,0,1]}],"loopBehavior":1,"name":"anim","property":"_matrix"}},
{"name":"Bone.010","index":4,"matrix":[-0.1414,0.8171,0.5589,0,-0.0947,0.5508,-0.8292,0,-0.9854,-0.1702,-0.0005,0,0,0.4967,0,1],"rest":[0.9999,-0.0115,-0.0128,0,0.0116,0.9999,0.0067,0,0.0127,-0.0068,0.9999,0,0,0.4967,0,1],"parentBoneIndex":3,"length":0.9278
,"animation":{"dataType":3,"framePerSecond":24,"keys":[
{"frame":1,"values":[-0.3019,0.7865,0.5388,0,-0.0913,0.5387,-0.8375,0,-0.9489,-0.3021,-0.0908,0,0,0.4967,0,1]},
{"frame":2,"values":[-0.298,0.7875,0.5395,0,-0.0914,0.539,-0.8373,0,-0.9502,-0.2989,-0.0886,0,0,0.4967,0,1]},
{"frame":3,"values":[-0.2861,0.7905,0.5415,0,-0.0918,0.5399,-0.8367,0,-0.9538,-0.2891,-0.0819,0,0,0.4967,0,1]},
{"frame":4,"values":[-0.2656,0.7954,0.5447,0,-0.0923,0.5414,-0.8357,0,-0.9597,-0.2722,-0.0704,0,0,0.4967,0,1]},
{"frame":5,"values":[-0.2356,0.8019,0.549,0,-0.093,0.5437,-0.8341,0,-0.9674,-0.2476,-0.0535,0,0,0.4967,0,1]},
{"frame":6,"values":[-0.1947,0.8095,0.5539,0,-0.0938,0.5468,-0.832,0,-0.9764,-0.214,-0.0305,0,0,0.4967,0,1]},
{"frame":7,"values":[-0.1414,0.8171,0.5589,0,-0.0947,0.5508,-0.8292,0,-0.9854,-0.1702,-0.0005,0,0,0.4967,0,1]},
{"frame":8,"values":[-0.0735,0.8233,0.5628,0,-0.0954,0.5559,-0.8257,0,-0.9927,-0.1144,0.0376,0,0,0.4967,0,1]},
{"frame":9,"values":[0.0112,0.8257,0.564,0,-0.0956,0.5623,-0.8214,0,-0.9954,-0.0447,0.0852,0,0,0.4967,0,1]},
{"frame":10,"values":[0.1152,0.8205,0.5599,0,-0.095,0.5702,-0.816,0,-0.9888,0.0408,0.1436,0,0,0.4967,0,1]},
{"frame":11,"values":[0.2401,0.8021,0.5468,0,-0.0929,0.5796,-0.8096,0,-0.9663,0.1436,0.2137,0,0,0.4967,0,1]},
{"frame":12,"values":[0.3855,0.7628,0.5192,0,-0.0885,0.5906,-0.8021,0,-0.9185,0.2632,0.2952,0,0,0.4967,0,1]},
{"frame":13,"values":[0.5467,0.6927,0.4705,0,-0.0807,0.6028,-0.7938,0,-0.8334,0.396,0.3855,0,0,0.4967,0,1]},
{"frame":14,"values":[0.712,0.5814,0.3937,0,-0.0683,0.6154,-0.7853,0,-0.6988,0.5322,0.4779,0,0,0.4967,0,1]},
{"frame":15,"values":[0.8606,0.4226,0.2844,0,-0.0507,0.6266,-0.7777,0,-0.5068,0.6548,0.5607,0,0,0.4967,0,1]},
{"frame":16,"values":[0.9649,0.2192,0.1449,0,-0.0281,0.6346,-0.7724,0,-0.2612,0.7412,0.6184,0,0,0.4967,0,1]},
{"frame":17,"values":[0.9999,-0.0115,-0.0128,0,-0.0026,0.6373,-0.7706,0,0.017,0.7706,0.6371,0,0,0.4967,0,1]},
{"frame":18,"values":[0.9556,-0.2412,-0.1695,0,0.0229,0.634,-0.773,0,0.2939,0.7348,0.6113,0,0,0.4967,0,1]},
{"frame":19,"values":[0.8431,-0.4421,-0.3062,0,0.0451,0.6255,-0.7789,0,0.5359,0.6429,0.5473,0,0,0.4967,0,1]},
{"frame":20,"values":[0.6882,-0.5975,-0.4116,0,0.0623,0.6139,-0.787,0,0.7229,0.5159,0.4597,0,0,0.4967,0,1]},
{"frame":21,"values":[0.5185,-0.7049,-0.4841,0,0.0741,0.6011,-0.7958,0,0.8519,0.3767,0.3639,0,0,0.4967,0,1]},
{"frame":22,"values":[0.3545,-0.7713,-0.5287,0,0.0815,0.5887,-0.8042,0,0.9315,0.242,0.2715,0,0,0.4967,0,1]},
{"frame":23,"values":[0.2076,-0.8073,-0.5525,0,0.0854,0.5776,-0.8118,0,0.9745,0.1213,0.1888,0,0,0.4967,0,1]},
{"frame":24,"values":[0.082,-0.8227,-0.5625,0,0.0871,0.5681,-0.8183,0,0.9928,0.0181,0.1182,0,0,0.4967,0,1]},
{"frame":25,"values":[-0.0222,-0.8256,-0.5639,0,0.0874,0.5602,-0.8237,0,0.9959,-0.0675,0.0597,0,0,0.4967,0,1]},
{"frame":26,"values":[-0.1068,-0.8212,-0.5605,0,0.0869,0.5539,-0.8281,0,0.9905,-0.1371,0.0122,0,0,0.4967,0,1]},
{"frame":27,"values":[-0.1744,-0.8135,-0.5548,0,0.086,0.5487,-0.8316,0,0.9809,-0.1927,-0.0257,0,0,0.4967,0,1]},
{"frame":28,"values":[-0.2274,-0.8046,-0.5485,0,0.085,0.5447,-0.8343,0,0.9701,-0.2363,-0.0555,0,0,0.4967,0,1]},
{"frame":29,"values":[-0.2679,-0.7962,-0.5426,0,0.0841,0.5417,-0.8364,0,0.9598,-0.2697,-0.0782,0,0,0.4967,0,1]},
{"frame":30,"values":[-0.2977,-0.789,-0.5375,0,0.0833,0.5394,-0.8379,0,0.951,-0.2942,-0.0949,0,0,0.4967,0,1]},
{"frame":31,"values":[-0.318,-0.7836,-0.5337,0,0.0827,0.5379,-0.839,0,0.9445,-0.3109,-0.1063,0,0,0.4967,0,1]},
{"frame":32,"values":[-0.3298,-0.7803,-0.5314,0,0.0823,0.537,-0.8396,0,0.9405,-0.3206,-0.1129,0,0,0.4967,0,1]},
{"frame":33,"values":[-0.3336,-0.7792,-0.5306,0,0.0822,0.5367,-0.8398,0,0.9391,-0.3237,-0.115,0,0,0.4967,0,1]},
{"frame":34,"values":[-0.3318,-0.7761,-0.5363,0,0.0887,0.5404,-0.8367,0,0.9392,-0.3252,-0.1104,0,0,0.4967,0,1]},
{"frame":35,"values":[-0.3258,-0.7664,-0.5536,0,0.1086,0.5513,-0.8272,0,0.9392,-0.3296,-0.0964,0,0,0.4967,0,1]},
{"frame":36,"values":[-0.3148,-0.7495,-0.5823,0,0.1421,0.5694,-0.8097,0,0.9385,-0.3376,-0.0728,0,0,0.4967,0,1]},
{"frame":37,"values":[-0.2971,-0.7245,-0.622,0,0.1893,0.5938,-0.782,0,0.9359,-0.3501,-0.0393,0,0,0.4967,0,1]},
{"frame":38,"values":[-0.2705,-0.69,-0.6714,0,0.2496,0.6233,-0.7411,0,0.9298,-0.368,0.0036,0,0,0.4967,0,1]},
{"frame":39,"values":[-0.2322,-0.645,-0.7281,0,0.3215,0.6556,-0.6833,0,0.918,-0.3927,0.0552,0,0,0.4967,0,1]},
{"frame":40,"values":[-0.1796,-0.5889,-0.788,0,0.4017,0.6873,-0.6052,0,0.898,-0.4252,0.1131,0,0,0.4967,0,1]},
{"frame":41,"values":[-0.1109,-0.5223,-0.8455,0,0.4851,0.7141,-0.5047,0,0.8674,-0.4662,0.1741,0,0,0.4967,0,1]},
{"frame":42,"values":[-0.0261,-0.4471,-0.8941,0,0.5648,0.7313,-0.3822,0,0.8248,-0.515,0.2334,0,0,0.4967,0,1]},
{"frame":43,"values":[0.0722,-0.3673,-0.9273,0,0.6334,0.735,-0.2418,0,0.7704,-0.5699,0.2857,0,0,0.4967,0,1]},
{"frame":44,"values":[0.1789,-0.2879,-0.9408,0,0.6846,0.7232,-0.0912,0,0.7066,-0.6278,0.3264,0,0,0.4967,0,1]},
{"frame":45,"values":[0.2868,-0.2141,-0.9338,0,0.7149,0.6966,0.0599,0,0.6377,-0.6848,0.3528,0,0,0.4967,0,1]},
{"frame":46,"values":[0.3891,-0.1499,-0.9089,0,0.725,0.6586,0.2017,0,0.5684,-0.7374,0.3649,0,0,0.4967,0,1]},
{"frame":47,"values":[0.4804,-0.0975,-0.8716,0,0.7183,0.614,0.3272,0,0.5033,-0.7832,0.365,0,0,0.4967,0,1]},
{"frame":48,"values":[0.5576,-0.0569,-0.8282,0,0.7003,0.5679,0.4325,0,0.4457,-0.8211,0.3565,0,0,0.4967,0,1]},
{"frame":49,"values":[0.6198,-0.027,-0.7843,0,0.6767,0.5245,0.5168,0,0.3974,-0.851,0.3434,0,0,0.4967,0,1]},
{"frame":50,"values":[0.6678,-0.0059,-0.7443,0,0.6521,0.4867,0.5812,0,0.3588,-0.8735,0.3289,0,0,0.4967,0,1]},
{"frame":51,"values":[0.7028,0.0083,-0.7113,0,0.6302,0.4564,0.6281,0,0.3299,-0.8897,0.3156,0,0,0.4967,0,1]},
{"frame":52,"values":[0.7265,0.0172,-0.687,0,0.6134,0.4345,0.6595,0,0.3099,-0.9005,0.3051,0,0,0.4967,0,1]},
{"frame":53,"values":[0.74,0.0221,-0.6722,0,0.6028,0.4214,0.6775,0,0.2982,-0.9066,0.2985,0,0,0.4967,0,1]},
{"frame":54,"values":[0.7444,0.0236,-0.6673,0,0.5993,0.4171,0.6833,0,0.2944,-0.9086,0.2963,0,0,0.4967,0,1]},
{"frame":76,"values":[0.7387,-0.0112,-0.6739,0,0.6222,0.3958,0.6754,0,0.2592,-0.9182,0.2994,0,0,0.4967,0,1]},
{"frame":77,"values":[0.7132,-0.1121,-0.6919,0,0.6839,0.3278,0.6518,0,0.1538,-0.9381,0.3105,0,0,0.4967,0,1]},
{"frame":78,"values":[0.6538,-0.2522,-0.7134,0,0.7567,0.2159,0.6171,0,-0.0016,-0.9433,0.332,0,0,0.4967,0,1]},
{"frame":79,"values":[0.5698,-0.3799,-0.7287,0,0.8071,0.0921,0.5831,0,-0.1544,-0.9204,0.3592,0,0,0.4967,0,1]},
{"frame":80,"values":[0.4993,-0.4583,-0.7353,0,0.8279,0.0024,0.5608,0,-0.2553,-0.8888,0.3806,0,0,0.4967,0,1]},
{"frame":81,"values":[0.4733,-0.4829,-0.7368,0,0.8324,-0.0287,0.5535,0,-0.2884,-0.8752,0.3884,0,0,0.4967,0,1]}],"loopBehavior":1,"name":"anim","property":"_matrix"}},
{"name":"Bone.011","index":5,"matrix":[0.2393,-0.5675,0.7878,0,0.968,0.2027,-0.1479,0,-0.0757,0.798,0.5979,0,0,0.2329,0,1],"rest":[0.2393,-0.5675,0.7878,0,0.968,0.2027,-0.1479,0,-0.0757,0.798,0.5979,0,0,0.2329,0,1],"parentBoneIndex":1,"length":0.5905
,"animation":{"dataType":3,"framePerSecond":24,"keys":[
{"frame":1,"values":[0.2393,-0.5675,0.7878,0,0.968,0.2027,-0.1479,0,-0.0757,0.798,0.5979,0,0,0.2329,0,1]},
{"frame":81,"values":[0.2393,-0.5675,0.7878,0,0.968,0.2027,-0.1479,0,-0.0757,0.798,0.5979,0,0,0.2329,0,1]}],"loopBehavior":1,"name":"anim","property":"_matrix"}},
{"name":"Bone.012","index":6,"matrix":[0.2743,-0.8728,-0.4038,0,0.7431,0.4589,-0.4871,0,0.6104,-0.1664,0.7744,0,0,0.5905,0,1],"rest":[0.3379,-0.9383,0.0734,0,0.5736,0.1435,-0.8065,0,0.7462,0.3147,0.5867,0,0,0.5905,0,1],"parentBoneIndex":5,"length":0.5466
,"animation":{"dataType":3,"framePerSecond":24,"keys":[
{"frame":1,"values":[0.2558,-0.8387,-0.4808,0,0.7326,0.4927,-0.4696,0,0.6308,-0.2321,0.7404,0,0,0.5905,0,1]},
{"frame":2,"values":[0.2563,-0.8397,-0.4788,0,0.7329,0.4918,-0.4702,0,0.6302,-0.2304,0.7414,0,0,0.5905,0,1]},
{"frame":3,"values":[0.2579,-0.8427,-0.4726,0,0.7337,0.489,-0.4717,0,0.6286,-0.2251,0.7444,0,0,0.5905,0,1]},
{"frame":4,"values":[0.2605,-0.8477,-0.4621,0,0.7351,0.4845,-0.4742,0,0.6259,-0.2162,0.7494,0,0,0.5905,0,1]},
{"frame":5,"values":[0.2642,-0.8545,-0.4472,0,0.7371,0.4779,-0.4777,0,0.622,-0.2035,0.7562,0,0,0.5905,0,1]},
{"frame":6,"values":[0.2688,-0.863,-0.4278,0,0.7398,0.4694,-0.482,0,0.6168,-0.1869,0.7646,0,0,0.5905,0,1]},
{"frame":7,"values":[0.2743,-0.8728,-0.4038,0,0.7431,0.4589,-0.4871,0,0.6104,-0.1664,0.7744,0,0,0.5905,0,1]},
{"frame":8,"values":[0.2806,-0.8836,-0.3749,0,0.7471,0.4463,-0.4927,0,0.6026,-0.1418,0.7853,0,0,0.5905,0,1]},
{"frame":9,"values":[0.2875,-0.895,-0.3412,0,0.7518,0.4316,-0.4986,0,0.5935,-0.1131,0.7969,0,0,0.5905,0,1]},
{"frame":10,"values":[0.2948,-0.9064,-0.3026,0,0.7572,0.4147,-0.5046,0,0.5829,-0.0804,0.8086,0,0,0.5905,0,1]},
{"frame":11,"values":[0.3023,-0.9173,-0.2593,0,0.7634,0.3959,-0.5104,0,0.5709,-0.0437,0.8199,0,0,0.5905,0,1]},
{"frame":12,"values":[0.3098,-0.927,-0.2116,0,0.7703,0.3751,-0.5157,0,0.5574,-0.0032,0.8302,0,0,0.5905,0,1]},
{"frame":13,"values":[0.317,-0.9349,-0.1598,0,0.7778,0.3527,-0.5202,0,0.5427,0.0406,0.8389,0,0,0.5905,0,1]},
{"frame":14,"values":[0.3236,-0.9404,-0.1046,0,0.786,0.3287,-0.5236,0,0.5268,0.0872,0.8455,0,0,0.5905,0,1]},
{"frame":15,"values":[0.3294,-0.943,-0.0467,0,0.7947,0.3037,-0.5256,0,0.5098,0.136,0.8494,0,0,0.5905,0,1]},
{"frame":16,"values":[0.3343,-0.9424,0.013,0,0.8038,0.2779,-0.5261,0,0.4922,0.1863,0.8503,0,0,0.5905,0,1]},
{"frame":17,"values":[0.3379,-0.9383,0.0734,0,0.8131,0.2518,-0.5249,0,0.474,0.2371,0.848,0,0,0.5905,0,1]},
{"frame":18,"values":[0.3404,-0.9308,0.1336,0,0.8225,0.2258,-0.522,0,0.4557,0.2876,0.8424,0,0,0.5905,0,1]},
{"frame":19,"values":[0.3415,-0.9199,0.1925,0,0.8318,0.2005,-0.5175,0,0.4375,0.3369,0.8337,0,0,0.5905,0,1]},
{"frame":20,"values":[0.3415,-0.9063,0.2491,0,0.8409,0.1762,-0.5117,0,0.4198,0.3842,0.8223,0,0,0.5905,0,1]},
{"frame":21,"values":[0.3404,-0.8903,0.3027,0,0.8496,0.1533,-0.5046,0,0.4028,0.4289,0.8086,0,0,0.5905,0,1]},
{"frame":22,"values":[0.3383,-0.8725,0.3524,0,0.8578,0.132,-0.4967,0,0.3869,0.4704,0.7932,0,0,0.5905,0,1]},
{"frame":23,"values":[0.3356,-0.8538,0.3979,0,0.8654,0.1126,-0.4883,0,0.3721,0.5082,0.7767,0,0,0.5905,0,1]},
{"frame":24,"values":[0.3323,-0.8348,0.4389,0,0.8723,0.0951,-0.4796,0,0.3587,0.5422,0.7599,0,0,0.5905,0,1]},
{"frame":25,"values":[0.3288,-0.8162,0.4751,0,0.8785,0.0797,-0.4711,0,0.3466,0.5722,0.7432,0,0,0.5905,0,1]},
{"frame":26,"values":[0.3252,-0.7985,0.5065,0,0.8839,0.0663,-0.463,0,0.3361,0.5983,0.7274,0,0,0.5905,0,1]},
{"frame":27,"values":[0.3218,-0.7824,0.5333,0,0.8885,0.055,-0.4555,0,0.327,0.6204,0.7129,0,0,0.5905,0,1]},
{"frame":28,"values":[0.3186,-0.7681,0.5555,0,0.8924,0.0456,-0.4489,0,0.3195,0.6387,0.7,0,0,0.5905,0,1]},
{"frame":29,"values":[0.3158,-0.756,0.5733,0,0.8956,0.038,-0.4433,0,0.3133,0.6534,0.6891,0,0,0.5905,0,1]},
{"frame":30,"values":[0.3136,-0.7465,0.5869,0,0.898,0.0323,-0.4388,0,0.3087,0.6646,0.6805,0,0,0.5905,0,1]},
{"frame":31,"values":[0.312,-0.7396,0.5964,0,0.8997,0.0282,-0.4356,0,0.3053,0.6725,0.6742,0,0,0.5905,0,1]},
{"frame":32,"values":[0.311,-0.7354,0.602,0,0.9007,0.0258,-0.4337,0,0.3034,0.6771,0.6704,0,0,0.5905,0,1]},
{"frame":33,"values":[0.3107,-0.734,0.6039,0,0.901,0.0251,-0.433,0,0.3027,0.6787,0.6692,0,0,0.5905,0,1]},
{"frame":81,"values":[0.3107,-0.734,0.6039,0,0.901,0.0251,-0.433,0,0.3027,0.6787,0.6692,0,0,0.5905,0,1]}],"loopBehavior":1,"name":"anim","property":"_matrix"}},
{"name":"Bone.013","index":7,"matrix":[0.8541,0.4055,0.3258,0,-0.5191,0.6253,0.5827,0,0.0326,-0.6668,0.7445,0,0,0.5466,0,1],"rest":[0.9748,0.1361,0.177,0,-0.1468,0.9879,0.0492,0,-0.1682,-0.074,0.983,0,0,0.5466,0,1],"parentBoneIndex":6,"length":0.9087
,"animation":{"dataType":3,"framePerSecond":24,"keys":[
{"frame":1,"values":[0.8792,0.3662,0.3048,0,-0.4759,0.6445,0.5984,0,0.0227,-0.6712,0.7409,0,0,0.5466,0,1]},
{"frame":2,"values":[0.8787,0.3671,0.3053,0,-0.4769,0.6441,0.5981,0,0.0229,-0.6711,0.741,0,0,0.5466,0,1]},
{"frame":3,"values":[0.8769,0.3699,0.3068,0,-0.48,0.6428,0.597,0,0.0236,-0.6708,0.7413,0,0,0.5466,0,1]},
{"frame":4,"values":[0.8739,0.3749,0.3095,0,-0.4855,0.6405,0.5951,0,0.0249,-0.6703,0.7417,0,0,0.5466,0,1]},
{"frame":5,"values":[0.8694,0.3821,0.3133,0,-0.4935,0.637,0.5922,0,0.0267,-0.6695,0.7424,0,0,0.5466,0,1]},
{"frame":6,"values":[0.8629,0.3922,0.3187,0,-0.5045,0.6321,0.5882,0,0.0292,-0.6683,0.7433,0,0,0.5466,0,1]},
{"frame":7,"values":[0.8541,0.4055,0.3258,0,-0.5191,0.6253,0.5827,0,0.0326,-0.6668,0.7445,0,0,0.5466,0,1]},
{"frame":8,"values":[0.842,0.4229,0.335,0,-0.5383,0.6159,0.5752,0,0.037,-0.6646,0.7462,0,0,0.5466,0,1]},
{"frame":9,"values":[0.8252,0.4458,0.3469,0,-0.5633,0.6029,0.565,0,0.0427,-0.6617,0.7486,0,0,0.5466,0,1]},
{"frame":10,"values":[0.8014,0.4757,0.3625,0,-0.596,0.5844,0.5508,0,0.0502,-0.6574,0.7519,0,0,0.5466,0,1]},
{"frame":11,"values":[0.7667,0.5155,0.3827,0,-0.6392,0.557,0.5302,0,0.0601,-0.6511,0.7566,0,0,0.5466,0,1]},
{"frame":12,"values":[0.7131,0.569,0.4094,0,-0.6972,0.5146,0.4992,0,0.0734,-0.6414,0.7637,0,0,0.5466,0,1]},
{"frame":13,"values":[0.625,0.642,0.4442,0,-0.7753,0.4439,0.4493,0,0.0913,-0.6252,0.7751,0,0,0.5466,0,1]},
{"frame":14,"values":[0.4657,0.7392,0.4865,0,-0.8775,0.3145,0.3622,0,0.1147,-0.5956,0.7951,0,0,0.5466,0,1]},
{"frame":15,"values":[0.1459,0.8434,0.5171,0,-0.9796,0.0502,0.1946,0,0.1381,-0.535,0.8335,0,0,0.5466,0,1]},
{"frame":16,"values":[-0.5011,0.7641,0.4063,0,-0.8583,-0.4987,-0.1207,0,0.1103,-0.4092,0.9057,0,0,0.5466,0,1]},
{"frame":17,"values":[-0.9748,-0.1361,-0.177,0,0.1827,-0.9417,-0.2825,0,-0.1283,-0.3077,0.9428,0,0,0.5466,0,1]},
{"frame":18,"values":[-0.1083,-0.8492,-0.5169,0,0.9467,-0.2467,0.207,0,-0.3033,-0.4669,0.8306,0,0,0.5466,0,1]},
{"frame":19,"values":[0.5335,-0.7485,-0.3938,0,0.8015,0.2988,0.518,0,-0.2701,-0.592,0.7594,0,0,0.5466,0,1]},
{"frame":20,"values":[0.7833,-0.5648,-0.2597,0,0.5816,0.5181,0.6271,0,-0.2197,-0.6422,0.7344,0,0,0.5466,0,1]},
{"frame":21,"values":[0.8862,-0.431,-0.1698,0,0.4252,0.6114,0.6673,0,-0.1838,-0.6636,0.7251,0,0,0.5466,0,1]},
{"frame":22,"values":[0.9343,-0.3391,-0.1103,0,0.3189,0.6564,0.6837,0,-0.1595,-0.6739,0.7214,0,0,0.5466,0,1]},
{"frame":23,"values":[0.959,-0.2746,-0.0694,0,0.2448,0.6804,0.6907,0,-0.1425,-0.6794,0.7198,0,0,0.5466,0,1]},
{"frame":24,"values":[0.9728,-0.2281,-0.0403,0,0.1915,0.6943,0.6938,0,-0.1303,-0.6826,0.7191,0,0,0.5466,0,1]},
{"frame":25,"values":[0.9809,-0.1937,-0.019,0,0.1522,0.7028,0.6949,0,-0.1213,-0.6845,0.7188,0,0,0.5466,0,1]},
{"frame":26,"values":[0.9858,-0.1678,-0.0031,0,0.1227,0.7082,0.6953,0,-0.1145,-0.6858,0.7187,0,0,0.5466,0,1]},
{"frame":27,"values":[0.9889,-0.1482,0.0089,0,0.1004,0.7118,0.6952,0,-0.1094,-0.6866,0.7188,0,0,0.5466,0,1]},
{"frame":28,"values":[0.9909,-0.1334,0.018,0,0.0835,0.7142,0.695,0,-0.1055,-0.6872,0.7188,0,0,0.5466,0,1]},
{"frame":29,"values":[0.9922,-0.1223,0.0247,0,0.0709,0.7158,0.6947,0,-0.1026,-0.6875,0.7189,0,0,0.5466,0,1]},
{"frame":30,"values":[0.993,-0.1143,0.0296,0,0.0618,0.7169,0.6945,0,-0.1005,-0.6878,0.7189,0,0,0.5466,0,1]},
{"frame":31,"values":[0.9935,-0.1089,0.0328,0,0.0557,0.7176,0.6943,0,-0.0991,-0.6879,0.719,0,0,0.5466,0,1]},
{"frame":32,"values":[0.9938,-0.1057,0.0347,0,0.0521,0.7179,0.6941,0,-0.0983,-0.688,0.719,0,0,0.5466,0,1]},
{"frame":33,"values":[0.9939,-0.1047,0.0353,0,0.051,0.7181,0.6941,0,-0.0981,-0.6881,0.719,0,0,0.5466,0,1]},
{"frame":34,"values":[0.9935,-0.1092,0.033,0,0.0562,0.7203,0.6914,0,-0.0993,-0.685,0.7217,0,0,0.5466,0,1]},
{"frame":35,"values":[0.9921,-0.123,0.0258,0,0.0723,0.7267,0.6831,0,-0.1028,-0.6758,0.7298,0,0,0.5466,0,1]},
{"frame":36,"values":[0.9891,-0.1463,0.0141,0,0.0995,0.7369,0.6687,0,-0.1082,-0.66,0.7434,0,0,0.5466,0,1]},
{"frame":37,"values":[0.9838,-0.1795,-0.0017,0,0.1379,0.7497,0.6472,0,-0.115,-0.6369,0.7623,0,0,0.5466,0,1]},
{"frame":38,"values":[0.9746,-0.2228,-0.0206,0,0.1876,0.7636,0.6179,0,-0.1219,-0.606,0.786,0,0,0.5466,0,1]},
{"frame":39,"values":[0.9603,-0.276,-0.0415,0,0.2481,0.7762,0.5796,0,-0.1278,-0.5669,0.8138,0,0,0.5466,0,1]},
{"frame":40,"values":[0.939,-0.3381,-0.0625,0,0.3179,0.7848,0.532,0,-0.1308,-0.5194,0.8445,0,0,0.5466,0,1]},
{"frame":41,"values":[0.9096,-0.4074,-0.0816,0,0.3949,0.7865,0.4748,0,-0.1293,-0.4641,0.8763,0,0,0.5466,0,1]},
{"frame":42,"values":[0.8712,-0.4813,-0.0966,0,0.4756,0.7788,0.4091,0,-0.1216,-0.4023,0.9074,0,0,0.5466,0,1]},
{"frame":43,"values":[0.8242,-0.5564,-0.1058,0,0.5562,0.7598,0.3368,0,-0.107,-0.3364,0.9356,0,0,0.5466,0,1]},
{"frame":44,"values":[0.7699,-0.6289,-0.1081,0,0.6324,0.7294,0.2609,0,-0.0853,-0.2693,0.9593,0,0,0.5466,0,1]},
{"frame":45,"values":[0.711,-0.6956,-0.1033,0,0.7008,0.6889,0.185,0,-0.0575,-0.2039,0.9773,0,0,0.5466,0,1]},
{"frame":46,"values":[0.6506,-0.7538,-0.0923,0,0.759,0.6413,0.1126,0,-0.0257,-0.1433,0.9893,0,0,0.5466,0,1]},
{"frame":47,"values":[0.5919,-0.8023,-0.0769,0,0.806,0.5901,0.0465,0,0.0081,-0.0895,0.996,0,0,0.5466,0,1]},
{"frame":48,"values":[0.5378,-0.841,-0.059,0,0.8421,0.5392,-0.0112,0,0.0412,-0.0437,0.9982,0,0,0.5466,0,1]},
{"frame":49,"values":[0.4903,-0.8706,-0.0408,0,0.8686,0.4919,-0.0595,0,0.0718,-0.0063,0.9974,0,0,0.5466,0,1]},
{"frame":50,"values":[0.4508,-0.8923,-0.0238,0,0.8872,0.4508,-0.0981,0,0.0983,0.0231,0.9949,0,0,0.5466,0,1]},
{"frame":51,"values":[0.42,-0.9075,-0.0096,0,0.8996,0.4177,-0.1273,0,0.1195,0.0448,0.9918,0,0,0.5466,0,1]},
{"frame":52,"values":[0.3981,-0.9173,0.0011,0,0.9074,0.3936,-0.1475,0,0.1349,0.0597,0.9891,0,0,0.5466,0,1]},
{"frame":53,"values":[0.3851,-0.9228,0.0076,0,0.9115,0.3791,-0.1593,0,0.1441,0.0683,0.9872,0,0,0.5466,0,1]},
{"frame":54,"values":[0.3808,-0.9246,0.0098,0,0.9129,0.3742,-0.1632,0,0.1472,0.0711,0.9865,0,0,0.5466,0,1]},
{"frame":61,"values":[0.3743,-0.9273,0.0025,0,0.9156,0.3692,-0.1591,0,0.1466,0.0619,0.9873,0,0,0.5466,0,1]},
{"frame":62,"values":[0.3542,-0.9349,-0.0203,0,0.924,0.3533,-0.1465,0,0.1442,0.0332,0.989,0,0,0.5466,0,1]},
{"frame":63,"values":[0.3199,-0.9456,-0.0596,0,0.9372,0.3251,-0.1262,0,0.1387,-0.0155,0.9902,0,0,0.5466,0,1]},
{"frame":64,"values":[0.2723,-0.9553,-0.1149,0,0.9536,0.2839,-0.0999,0,0.1281,-0.0824,0.9883,0,0,0.5466,0,1]},
{"frame":65,"values":[0.2144,-0.9594,-0.1835,0,0.9704,0.2305,-0.0713,0,0.1107,-0.1628,0.9804,0,0,0.5466,0,1]},
{"frame":66,"values":[0.1517,-0.9538,-0.2594,0,0.9847,0.1686,-0.0444,0,0.0861,-0.2487,0.9648,0,0,0.5466,0,1]},
{"frame":67,"values":[0.0903,-0.9378,-0.3353,0,0.9944,0.1037,-0.0224,0,0.0558,-0.3314,0.9418,0,0,0.5466,0,1]},
{"frame":68,"values":[0.0354,-0.9137,-0.4047,0,0.9991,0.0417,-0.0068,0,0.0231,-0.4041,0.9144,0,0,0.5466,0,1]},
{"frame":69,"values":[-0.01,-0.8861,-0.4635,0,0.9999,-0.0128,0.003,0,-0.0086,-0.4634,0.8861,0,0,0.5466,0,1]},
{"frame":70,"values":[-0.0452,-0.859,-0.5099,0,0.9983,-0.0574,0.0082,0,-0.0363,-0.5087,0.8602,0,0,0.5466,0,1]},
{"frame":71,"values":[-0.0766,-0.8304,-0.5519,0,0.995,-0.099,0.0109,0,-0.0637,-0.5484,0.8338,0,0,0.5466,0,1]},
{"frame":72,"values":[-0.1072,-0.7974,-0.5939,0,0.9898,-0.1418,0.0116,0,-0.0934,-0.5866,0.8045,0,0,0.5466,0,1]},
{"frame":73,"values":[-0.1318,-0.7668,-0.6282,0,0.984,-0.1777,0.0104,0,-0.1196,-0.6168,0.778,0,0,0.5466,0,1]},
{"frame":74,"values":[-0.1463,-0.7468,-0.6487,0,0.9798,-0.1997,0.0089,0,-0.1362,-0.6343,0.761,0,0,0.5466,0,1]},
{"frame":75,"values":[-0.1507,-0.7404,-0.655,0,0.9784,-0.2065,0.0083,0,-0.1414,-0.6396,0.7556,0,0,0.5466,0,1]},
{"frame":81,"values":[-0.1507,-0.7404,-0.655,0,0.9784,-0.2065,0.0083,0,-0.1414,-0.6396,0.7556,0,0,0.5466,0,1]}],"loopBehavior":1,"name":"anim","property":"_matrix"}},
{"name":"Bone.014","index":8,"matrix":[0.9891,0.0055,-0.1469,0,-0.0444,0.9637,-0.2633,0,0.1401,0.267,0.9535,0,0,0.2329,0,1],"rest":[0.9835,0.1058,-0.1468,0,-0.1046,0.9944,0.016,0,0.1477,-0.0004,0.989,0,0,0.2329,0,1],"parentBoneIndex":1,"length":0.5797
,"animation":{"dataType":3,"framePerSecond":24,"keys":[
{"frame":1,"values":[0.9891,-0.0131,-0.1467,0,-0.0267,0.9636,-0.266,0,0.1449,0.267,0.9527,0,0,0.2329,0,1]},
{"frame":2,"values":[0.9891,-0.0126,-0.1468,0,-0.0272,0.9636,-0.2659,0,0.1448,0.267,0.9528,0,0,0.2329,0,1]},
{"frame":3,"values":[0.9891,-0.0111,-0.1468,0,-0.0286,0.9636,-0.2657,0,0.1444,0.267,0.9528,0,0,0.2329,0,1]},
{"frame":4,"values":[0.9891,-0.0085,-0.1468,0,-0.0311,0.9637,-0.2653,0,0.1437,0.267,0.9529,0,0,0.2329,0,1]},
{"frame":5,"values":[0.9892,-0.0049,-0.1468,0,-0.0346,0.9637,-0.2648,0,0.1428,0.267,0.9531,0,0,0.2329,0,1]},
{"frame":6,"values":[0.9892,-0.0002,-0.1469,0,-0.039,0.9637,-0.2641,0,0.1416,0.267,0.9532,0,0,0.2329,0,1]},
{"frame":7,"values":[0.9891,0.0055,-0.1469,0,-0.0444,0.9637,-0.2633,0,0.1401,0.267,0.9535,0,0,0.2329,0,1]},
{"frame":8,"values":[0.9891,0.0121,-0.1469,0,-0.0508,0.9636,-0.2624,0,0.1384,0.267,0.9537,0,0,0.2329,0,1]},
{"frame":9,"values":[0.9889,0.0198,-0.147,0,-0.0581,0.9635,-0.2613,0,0.1364,0.267,0.954,0,0,0.2329,0,1]},
{"frame":10,"values":[0.9887,0.0283,-0.147,0,-0.0663,0.9633,-0.2601,0,0.1343,0.2669,0.9543,0,0,0.2329,0,1]},
{"frame":11,"values":[0.9884,0.0377,-0.147,0,-0.0752,0.963,-0.2588,0,0.1318,0.2668,0.9547,0,0,0.2329,0,1]},
{"frame":12,"values":[0.988,0.0478,-0.147,0,-0.0849,0.9626,-0.2573,0,0.1292,0.2667,0.9551,0,0,0.2329,0,1]},
{"frame":13,"values":[0.9874,0.0586,-0.147,0,-0.0952,0.962,-0.2558,0,0.1265,0.2666,0.9555,0,0,0.2329,0,1]},
{"frame":14,"values":[0.9867,0.0699,-0.147,0,-0.106,0.9613,-0.2542,0,0.1236,0.2664,0.9559,0,0,0.2329,0,1]},
{"frame":15,"values":[0.9858,0.0816,-0.147,0,-0.1172,0.9605,-0.2525,0,0.1206,0.2661,0.9564,0,0,0.2329,0,1]},
{"frame":16,"values":[0.9847,0.0936,-0.1469,0,-0.1287,0.9595,-0.2508,0,0.1175,0.2659,0.9568,0,0,0.2329,0,1]},
{"frame":17,"values":[0.9835,0.1058,-0.1468,0,-0.1403,0.9583,-0.2491,0,0.1144,0.2655,0.9573,0,0,0.2329,0,1]},
{"frame":18,"values":[0.9821,0.1179,-0.1467,0,-0.1518,0.957,-0.2473,0,0.1112,0.2652,0.9578,0,0,0.2329,0,1]},
{"frame":19,"values":[0.9806,0.1299,-0.1466,0,-0.1633,0.9555,-0.2456,0,0.1082,0.2648,0.9582,0,0,0.2329,0,1]},
{"frame":20,"values":[0.979,0.1415,-0.1464,0,-0.1744,0.954,-0.244,0,0.1052,0.2644,0.9587,0,0,0.2329,0,1]},
{"frame":21,"values":[0.9774,0.1527,-0.1463,0,-0.1851,0.9524,-0.2424,0,0.1023,0.264,0.9591,0,0,0.2329,0,1]},
{"frame":22,"values":[0.9757,0.1634,-0.1461,0,-0.1953,0.9507,-0.2408,0,0.0996,0.2635,0.9595,0,0,0.2329,0,1]},
{"frame":23,"values":[0.974,0.1734,-0.1459,0,-0.2048,0.9491,-0.2394,0,0.097,0.2631,0.9599,0,0,0.2329,0,1]},
{"frame":24,"values":[0.9723,0.1826,-0.1458,0,-0.2136,0.9475,-0.2381,0,0.0946,0.2626,0.9602,0,0,0.2329,0,1]},
{"frame":25,"values":[0.9707,0.191,-0.1456,0,-0.2216,0.9459,-0.2369,0,0.0925,0.2622,0.9606,0,0,0.2329,0,1]},
{"frame":26,"values":[0.9693,0.1985,-0.1454,0,-0.2288,0.9445,-0.2358,0,0.0906,0.2618,0.9609,0,0,0.2329,0,1]},
{"frame":27,"values":[0.9679,0.205,-0.1453,0,-0.235,0.9432,-0.2349,0,0.0889,0.2615,0.9611,0,0,0.2329,0,1]},
{"frame":28,"values":[0.9667,0.2106,-0.1452,0,-0.2403,0.942,-0.2341,0,0.0874,0.2612,0.9613,0,0,0.2329,0,1]},
{"frame":29,"values":[0.9658,0.2151,-0.145,0,-0.2447,0.9411,-0.2334,0,0.0863,0.2609,0.9615,0,0,0.2329,0,1]},
{"frame":30,"values":[0.965,0.2187,-0.145,0,-0.2481,0.9403,-0.2329,0,0.0854,0.2607,0.9616,0,0,0.2329,0,1]},
{"frame":31,"values":[0.9644,0.2212,-0.1449,0,-0.2505,0.9398,-0.2326,0,0.0847,0.2606,0.9617,0,0,0.2329,0,1]},
{"frame":32,"values":[0.9641,0.2227,-0.1449,0,-0.2519,0.9394,-0.2323,0,0.0843,0.2605,0.9618,0,0,0.2329,0,1]},
{"frame":33,"values":[0.964,0.2232,-0.1448,0,-0.2524,0.9393,-0.2323,0,0.0842,0.2605,0.9618,0,0,0.2329,0,1]},
{"frame":61,"values":[0.9689,0.2114,-0.1285,0,-0.2369,0.9423,-0.2364,0,0.0711,0.2595,0.9631,0,0,0.2329,0,1]},
{"frame":62,"values":[0.9814,0.1752,-0.0783,0,-0.1894,0.9502,-0.2474,0,0.031,0.2576,0.9657,0,0,0.2329,0,1]},
{"frame":63,"values":[0.9934,0.1146,0.0058,0,-0.1092,0.9594,-0.2601,0,-0.0354,0.2577,0.9656,0,0,0.2329,0,1]},
{"frame":64,"values":[0.9924,0.0335,0.1185,0,-0.0007,0.9639,-0.2663,0,-0.1231,0.2642,0.9566,0,0,0.2329,0,1]},
{"frame":65,"values":[0.9675,-0.0584,0.246,0,0.1235,0.9581,-0.2584,0,-0.2206,0.2803,0.9342,0,0,0.2329,0,1]},
{"frame":66,"values":[0.9179,-0.1467,0.3686,0,0.2445,0.9409,-0.2344,0,-0.3124,0.3053,0.8995,0,0,0.2329,0,1]},
{"frame":67,"values":[0.8554,-0.2192,0.4692,0,0.3451,0.9168,-0.201,0,-0.3861,0.3339,0.8599,0,0,0.2329,0,1]},
{"frame":68,"values":[0.7975,-0.2699,0.5396,0,0.4164,0.8934,-0.1685,0,-0.4366,0.3591,0.8249,0,0,0.2329,0,1]},
{"frame":69,"values":[0.7581,-0.2987,0.5796,0,0.4573,0.8772,-0.146,0,-0.4648,0.3758,0.8017,0,0,0.2329,0,1]},
{"frame":70,"values":[0.7445,-0.3079,0.5924,0,0.4704,0.8716,-0.1382,0,-0.4737,0.3815,0.7937,0,0,0.2329,0,1]},
{"frame":71,"values":[0.7975,-0.2699,0.5396,0,0.4164,0.8934,-0.1685,0,-0.4366,0.3591,0.8249,0,0,0.2329,0,1]},
{"frame":72,"values":[0.9179,-0.1467,0.3686,0,0.2445,0.9409,-0.2344,0,-0.3124,0.3053,0.8995,0,0,0.2329,0,1]},
{"frame":73,"values":[0.9924,0.0335,0.1185,0,-0.0007,0.9639,-0.2663,0,-0.1231,0.2642,0.9566,0,0,0.2329,0,1]},
{"frame":74,"values":[0.9814,0.1752,-0.0783,0,-0.1894,0.9502,-0.2474,0,0.031,0.2576,0.9657,0,0,0.2329,0,1]},
{"frame":75,"values":[0.964,0.2232,-0.1448,0,-0.2524,0.9393,-0.2323,0,0.0842,0.2605,0.9618,0,0,0.2329,0,1]},
{"frame":81,"values":[0.964,0.2232,-0.1448,0,-0.2524,0.9393,-0.2323,0,0.0842,0.2605,0.9618,0,0,0.2329,0,1]}],"loopBehavior":1,"name":"anim","property":"_matrix"}},
{"name":"Bone.001","index":9,"matrix":[-0.1117,0,0.9937,0,-0.9801,-0.1651,-0.1102,0,-0.1641,0.9863,-0.0184,0,0.0017,1.5572,-0.0078,1],"rest":[-0.1117,0,0.9937,0,-0.9801,-0.1651,-0.1102,0,-0.1641,0.9863,-0.0184,0,0.0017,1.5572,-0.0078,1],"parentBoneIndex":-1,"length":0.3701
,"animation":{"dataType":3,"framePerSecond":24,"keys":[
{"frame":1,"values":[-0.1117,0,0.9937,0,-0.9801,-0.1651,-0.1102,0,-0.1641,0.9863,-0.0184,0,0.0017,1.5572,-0.0078,1]},
{"frame":81,"values":[-0.1117,0,0.9937,0,-0.9801,-0.1651,-0.1102,0,-0.1641,0.9863,-0.0184,0,0.0017,1.5572,-0.0078,1]}],"loopBehavior":1,"name":"anim","property":"_matrix"}},
{"name":"Bone.002","index":10,"matrix":[0.3541,0.9143,0.1968,0,-0.444,0.3495,-0.825,0,-0.8231,0.2047,0.5297,0,0,0.3701,0,1],"rest":[0.4084,0.9003,0.1507,0,-0.5437,0.3726,-0.7521,0,-0.7332,0.2252,0.6416,0,0,0.3701,0,1],"parentBoneIndex":9,"length":0.6427
,"animation":{"dataType":3,"framePerSecond":24,"keys":[
